,client_time,step,battery_low,is_charge,tag_battery_low,tag_0,tag_1,tag_2,tag_3,tag_4,tag_5,tag_6,tag_7,tag_8,tag_9,tag_10,tag_11,tag_12
69660,2020-09-21 16:07:02,29,1,0,0,0,0,1,0,0,0,0,0,0,0,0,0,0
85168,2020-09-29 14:41:14,10,10,0,0,0,0,0,1,0,0,0,0,0,0,0,0,0
85734,2020-09-29 17:40:07,556,96,0,0,0,0,1,0,0,0,0,0,0,0,0,0,0
85748,2020-09-29 17:47:58,946,95,0,1,0,1,0,0,0,0,0,0,0,0,0,0,0
85749,2020-09-29 17:49:36,966,96,0,0,0,0,0,0,0,0,0,0,0,1,0,0,0
85817,2020-09-29 18:20:10,975,94,0,0,1,0,0,0,0,0,0,0,0,0,0,0,0
85849,2020-09-29 18:40:10,985,93,0,0,1,0,0,0,0,0,0,0,0,0,0,0,0
85854,2020-09-29 18:40:36,994,92,0,0,0,0,0,0,0,0,0,0,0,1,0,0,0
85908,2020-09-29 19:10:14,1026,92,0,0,1,0,0,0,0,0,0,0,0,0,0,0,0
85957,2020-09-29 19:37:12,1165,90,0,0,0,0,0,0,0,0,0,0,0,1,0,0,0
85958,2020-09-29 19:37:27,1172,89,0,1,0,1,0,0,0,0,0,0,0,0,0,0,0
85964,2020-09-29 19:40:08,1193,90,0,0,1,0,0,0,0,0,0,0,0,0,0,0,0
85970,2020-09-29 19:43:56,1230,89,0,1,0,1,0,0,0,0,0,0,0,0,0,0,0
85980,2020-09-29 19:50:09,1244,89,0,0,0,0,0,0,0,0,0,0,0,1,0,0,0
85994,2020-09-29 20:00:11,1251,89,0,0,1,0,0,0,0,0,0,0,0,0,0,0,0
86044,2020-09-29 20:40:08,1263,86,0,0,1,0,0,0,0,0,0,0,0,0,0,0,0
86051,2020-09-29 20:50:08,1270,85,0,0,1,0,0,0,0,0,0,0,0,0,0,0,0
86067,2020-09-29 21:02:15,1280,85,0,0,0,0,0,0,0,0,0,0,0,1,0,0,0
86084,2020-09-29 21:20:10,1303,85,0,0,1,0,0,0,0,0,0,0,0,0,0,0,0
86115,2020-09-29 21:41:13,1312,84,0,0,0,0,0,0,0,0,0,0,0,1,0,0,0
86141,2020-09-29 22:10:17,1340,83,0,0,1,0,0,0,0,0,0,0,0,0,0,0,0
86163,2020-09-29 22:30:16,1354,83,0,0,1,0,0,0,0,0,0,0,0,0,0,0,0
86179,2020-09-29 22:50:15,1376,82,0,0,1,0,0,0,0,0,0,0,0,0,0,0,0
86189,2020-09-29 23:05:03,1384,82,0,0,0,0,1,0,0,0,0,0,0,0,0,0,0
86192,2020-09-29 23:09:59,1394,82,0,0,0,0,1,0,0,0,0,0,0,0,0,0,0
86197,2020-09-29 23:19:12,1472,81,0,0,0,0,1,0,0,0,0,0,0,0,0,0,0
86200,2020-09-29 23:20:09,1479,81,0,0,1,0,0,0,0,0,0,0,0,0,0,0,0
86202,2020-09-29 23:26:04,1489,81,0,0,0,0,1,0,0,0,0,0,0,0,0,0,0
86204,2020-09-29 23:30:10,1501,80,0,0,1,0,0,0,0,0,0,0,0,0,0,0,0
86208,2020-09-29 23:40:11,1554,81,0,0,1,0,0,0,0,0,0,0,0,0,0,0,0
86235,2020-09-30 02:10:09,16,74,0,0,1,0,0,0,0,0,0,0,0,0,0,0,0
86251,2020-09-30 03:30:07,23,71,0,0,1,0,0,0,0,0,0,0,0,0,0,0,0
86256,2020-09-30 03:54:06,34,70,0,0,0,0,1,0,0,0,0,0,0,0,0,0,0
86258,2020-09-30 04:00:07,88,70,0,0,1,0,0,0,0,0,0,0,0,0,0,0,0
86295,2020-09-30 05:40:10,139,66,0,0,1,0,0,0,0,0,0,0,0,0,0,0,0
86301,2020-09-30 05:50:09,155,66,0,0,1,0,0,0,0,0,0,0,0,0,0,0,0
86339,2020-09-30 06:20:09,217,66,0,0,1,0,0,0,0,0,0,0,0,0,0,0,0
86372,2020-09-30 06:44:08,228,64,0,0,0,0,0,0,0,0,0,0,0,0,0,1,0
86413,2020-09-30 07:11:04,259,65,0,0,0,0,0,0,0,0,0,0,0,1,0,0,0
86418,2020-09-30 07:16:26,290,64,0,0,0,0,0,0,0,0,0,0,0,1,0,0,0
86424,2020-09-30 07:20:08,302,64,0,0,1,0,0,0,0,0,0,0,0,0,0,0,0
86472,2020-09-30 07:50:55,332,62,0,1,0,1,0,0,0,0,0,0,0,0,0,0,0
86476,2020-09-30 07:59:58,351,61,0,1,0,1,0,0,0,0,0,0,0,0,0,0,0
86498,2020-09-30 08:10:09,395,62,0,0,1,0,0,0,0,0,0,0,0,0,0,0,0
86513,2020-09-30 08:19:50,532,62,0,0,0,0,1,0,0,0,0,0,0,0,0,0,0
86521,2020-09-30 08:21:21,540,61,0,1,0,1,0,0,0,0,0,0,0,0,0,0,0
86525,2020-09-30 08:25:25,547,61,0,0,0,0,0,0,0,0,0,0,0,0,0,0,1
86528,2020-09-30 08:27:08,559,61,0,1,0,1,0,0,0,0,0,0,0,0,0,0,0
86557,2020-09-30 08:38:33,566,61,0,0,0,0,1,0,0,0,0,0,0,0,0,0,0
86564,2020-09-30 08:40:09,589,61,0,0,1,0,0,0,0,0,0,0,0,0,0,0,0
86583,2020-09-30 08:50:08,777,61,0,0,1,0,0,0,0,0,0,0,0,0,0,0,0
86630,2020-09-30 09:10:09,784,61,0,0,1,0,0,0,0,0,0,0,0,0,0,0,0
86652,2020-09-30 09:14:32,803,60,0,1,0,1,0,0,0,0,0,0,0,0,0,0,0
86659,2020-09-30 09:15:57,814,59,0,1,0,1,0,0,0,0,0,0,0,0,0,0,0
86684,2020-09-30 09:22:13,926,60,0,1,0,1,0,0,0,0,0,0,0,0,0,0,0
86685,2020-09-30 09:22:59,941,60,0,0,0,0,0,1,0,0,0,0,0,0,0,0,0
86689,2020-09-30 09:26:25,1069,59,0,0,0,0,1,0,0,0,0,0,0,0,0,0,0
86708,2020-09-30 09:30:08,1207,59,0,0,1,0,0,0,0,0,0,0,0,0,0,0,0
86721,2020-09-30 09:35:50,1791,59,0,0,0,0,1,0,0,0,0,0,0,0,0,0,0
86722,2020-09-30 09:35:52,1793,59,0,0,0,0,0,1,0,0,0,0,0,0,0,0,0
86727,2020-09-30 09:37:45,1983,60,0,0,0,0,1,0,0,0,0,0,0,0,0,0,0
86742,2020-09-30 09:40:10,2209,58,0,0,1,0,0,0,0,0,0,0,0,0,0,0,0
86765,2020-09-30 09:48:12,3001,59,0,0,0,0,0,0,0,0,0,0,0,0,1,0,0
86767,2020-09-30 09:48:24,3024,60,0,0,0,0,0,0,0,0,0,0,0,0,1,0,0
86770,2020-09-30 09:49:28,3143,59,0,0,0,0,0,0,0,0,0,0,0,0,1,0,0
86785,2020-09-30 09:50:12,3218,59,0,0,1,0,0,0,0,0,0,0,0,0,0,0,0
86800,2020-09-30 09:55:09,3742,59,0,0,0,0,1,0,0,0,0,0,0,0,0,0,0
86822,2020-09-30 10:00:10,4125,59,0,0,1,0,0,0,0,0,0,0,0,0,0,0,0
86835,2020-09-30 10:05:17,4617,59,0,0,0,0,1,0,0,0,0,0,0,0,0,0,0
86855,2020-09-30 10:10:08,5096,58,0,0,1,0,0,0,0,0,0,0,0,0,0,0,0
86897,2020-09-30 10:23:11,5938,57,0,0,1,0,0,0,0,0,0,0,0,0,0,0,0
86979,2020-09-30 10:45:48,7046,56,0,0,0,0,0,0,0,0,0,0,0,0,1,0,0
87041,2020-09-30 11:00:09,7395,56,0,0,1,0,0,0,0,0,0,0,0,0,0,0,0
87059,2020-09-30 11:03:31,7585,55,0,0,0,0,0,0,0,0,0,0,0,0,1,0,0
87060,2020-09-30 11:03:41,7599,55,0,0,0,0,0,0,0,0,0,0,0,0,1,0,0
87061,2020-09-30 11:03:51,7618,56,0,0,0,0,0,0,0,0,0,0,0,0,1,0,0
87063,2020-09-30 11:04:38,7639,56,0,0,0,0,1,0,0,0,0,0,0,0,0,0,0
87095,2020-09-30 11:12:44,7686,55,0,0,0,0,0,0,0,0,0,0,0,0,1,0,0
87097,2020-09-30 11:12:53,7699,55,0,0,0,0,0,0,0,0,0,0,0,0,1,0,0
87105,2020-09-30 11:15:12,7706,55,0,0,0,0,0,0,0,0,0,0,0,0,1,0,0
87111,2020-09-30 11:19:01,7716,53,0,0,0,0,1,0,0,0,0,0,0,0,0,0,0
87130,2020-09-30 11:24:32,7723,55,0,0,0,0,0,0,0,0,0,0,0,0,1,0,0
87153,2020-09-30 11:31:32,7828,54,0,0,0,0,0,1,0,0,0,0,0,0,0,0,0
87195,2020-09-30 11:44:21,7835,55,0,0,1,0,0,0,0,0,0,0,0,0,0,0,0
87244,2020-09-30 11:53:42,7855,54,0,0,0,0,0,0,0,0,0,0,0,0,1,0,0
87245,2020-09-30 11:53:52,7868,54,0,0,0,0,0,0,0,0,0,0,0,0,1,0,0
87247,2020-09-30 11:54:02,7891,54,0,0,0,0,0,0,0,0,0,0,0,0,1,0,0
87257,2020-09-30 11:58:14,8131,54,0,1,0,1,0,0,0,0,0,0,0,0,0,0,0
87274,2020-09-30 12:03:07,8196,53,0,0,0,0,1,0,0,0,0,0,0,0,0,0,0
87276,2020-09-30 12:03:58,8203,53,0,0,0,0,0,0,0,0,0,0,0,1,0,0,0
87335,2020-09-30 12:20:09,8234,52,0,0,1,0,0,0,0,0,0,0,0,0,0,0,0
87373,2020-09-30 12:32:25,8586,53,0,0,1,0,0,0,0,0,0,0,0,0,0,0,0
87382,2020-09-30 12:35:28,8603,53,0,0,0,0,0,0,0,0,0,0,0,0,1,0,0
87385,2020-09-30 12:36:07,8614,53,0,0,0,0,0,0,0,0,0,0,0,0,1,0,0
87387,2020-09-30 12:36:17,8629,52,0,0,0,0,0,0,0,0,0,0,0,0,1,0,0
87388,2020-09-30 12:37:25,8639,53,0,0,0,0,0,0,0,0,0,0,0,0,1,0,0
87435,2020-09-30 12:54:30,9141,52,0,0,1,0,0,0,0,0,0,0,0,0,0,0,0
87471,2020-09-30 13:04:44,9553,52,0,0,1,0,0,0,0,0,0,0,0,0,0,0,0
87496,2020-09-30 13:10:09,9623,50,0,0,1,0,0,0,0,0,0,0,0,0,0,0,0
87560,2020-09-30 13:25:57,10383,51,0,0,0,0,0,0,0,0,0,0,0,0,1,0,0
87583,2020-09-30 13:31:03,10393,50,0,0,1,0,0,0,0,0,0,0,0,0,0,0,0
87592,2020-09-30 13:35:16,10637,50,0,1,0,1,0,0,0,0,0,0,0,0,0,0,0
87593,2020-09-30 13:35:33,10638,50,0,1,0,1,0,0,0,0,0,0,0,0,0,0,0
87601,2020-09-30 13:38:14,10654,50,0,0,0,0,1,0,0,0,0,0,0,0,0,0,0
87624,2020-09-30 13:41:08,10716,51,0,0,1,0,0,0,0,0,0,0,0,0,0,0,0
87653,2020-09-30 13:48:17,10778,50,0,0,0,0,0,0,0,0,0,0,0,1,0,0,0
87678,2020-09-30 13:56:27,10786,50,0,0,0,0,1,0,0,0,0,0,0,0,0,0,0
87718,2020-09-30 14:10:08,10818,56,1,0,1,0,0,0,0,0,0,0,0,0,0,0,0
87882,2020-09-30 15:00:28,10825,99,0,0,0,0,0,0,0,0,0,0,0,1,0,0,0
87999,2020-09-30 15:40:07,10848,98,0,0,1,0,0,0,0,0,0,0,0,0,0,0,0
88021,2020-09-30 15:50:10,10859,97,0,0,1,0,0,0,0,0,0,0,0,0,0,0,0
88068,2020-09-30 16:08:24,10880,96,0,1,0,1,0,0,0,0,0,0,0,0,0,0,0
88118,2020-09-30 16:22:09,10895,94,0,1,0,1,0,0,0,0,0,0,0,0,0,0,0
88142,2020-09-30 16:27:43,10903,94,0,1,0,1,0,0,0,0,0,0,0,0,0,0,0
88198,2020-09-30 16:40:10,10927,94,0,0,1,0,0,0,0,0,0,0,0,0,0,0,0
88251,2020-09-30 16:50:10,10946,94,0,0,1,0,0,0,0,0,0,0,0,0,0,0,0
88304,2020-09-30 17:00:09,10973,93,0,0,0,0,1,0,0,0,0,0,0,0,0,0,0
88330,2020-09-30 17:08:50,11003,91,0,1,0,1,0,0,0,0,0,0,0,0,0,0,0
88395,2020-09-30 17:20:07,11038,92,0,0,1,0,0,0,0,0,0,0,0,0,0,0,0
88451,2020-09-30 17:41:03,11047,91,0,1,0,1,0,0,0,0,0,0,0,0,0,0,0
88455,2020-09-30 17:43:39,11064,90,0,1,0,1,0,0,0,0,0,0,0,0,0,0,0
88496,2020-09-30 18:00:09,11071,89,0,0,1,0,0,0,0,0,0,0,0,0,0,0,0
88520,2020-09-30 18:08:56,11173,89,0,0,0,0,0,0,0,0,0,0,0,0,0,0,1
88527,2020-09-30 18:10:10,11204,90,0,0,1,0,0,0,0,0,0,0,0,0,0,0,0
88541,2020-09-30 18:16:25,11230,89,0,0,0,0,0,0,0,0,0,0,0,0,0,0,1
88545,2020-09-30 18:18:02,11238,89,0,0,0,0,1,0,0,0,0,0,0,0,0,0,0
88550,2020-09-30 18:20:07,11254,90,0,0,1,0,0,0,0,0,0,0,0,0,0,0,0
88568,2020-09-30 18:27:53,11287,89,0,0,0,0,0,0,0,0,0,0,0,1,0,0,0
88721,2020-09-30 19:47:50,11341,86,0,0,0,0,0,0,0,0,0,0,0,1,0,0,0
88780,2020-09-30 20:14:15,11442,83,0,0,1,0,0,0,0,0,0,0,0,0,0,0,0
88820,2020-09-30 20:38:49,11589,83,0,0,0,0,0,0,0,0,0,0,0,1,0,0,0
88885,2020-09-30 21:11:09,11596,83,0,0,1,0,0,0,0,0,0,0,0,0,0,0,0
88923,2020-09-30 21:29:14,11603,82,0,0,0,0,0,0,0,0,0,0,0,1,0,0,0
89003,2020-09-30 22:20:07,11671,80,0,0,1,0,0,0,0,0,0,0,0,0,0,0,0
89075,2020-09-30 23:30:09,11773,77,0,0,1,0,0,0,0,0,0,0,0,0,0,0,0
89079,2020-09-30 23:40:10,11854,77,0,0,1,0,0,0,0,0,0,0,0,0,0,0,0
89085,2020-09-30 23:50:09,11861,76,0,0,1,0,0,0,0,0,0,0,0,0,0,0,0
89091,2020-10-01 00:10:09,12,75,0,0,1,0,0,0,0,0,0,0,0,0,0,0,0
89099,2020-10-01 00:54:15,24,72,0,0,1,0,0,0,0,0,0,0,0,0,0,0,0
89109,2020-10-01 02:24:32,85,70,0,0,1,0,0,0,0,0,0,0,0,0,0,0,0
89160,2020-10-01 05:30:09,102,64,0,0,1,0,0,0,0,0,0,0,0,0,0,0,0
89164,2020-10-01 05:33:26,135,65,0,0,0,0,1,0,0,0,0,0,0,0,0,0,0
89169,2020-10-01 05:40:10,183,64,0,0,1,0,0,0,0,0,0,0,0,0,0,0,0
89180,2020-10-01 05:57:48,190,64,0,0,0,0,1,0,0,0,0,0,0,0,0,0,0
89182,2020-10-01 06:00:10,218,62,0,0,1,0,0,0,0,0,0,0,0,0,0,0,0
89184,2020-10-01 06:10:09,236,65,0,0,1,0,0,0,0,0,0,0,0,0,0,0,0
89205,2020-10-01 06:30:08,243,62,0,0,1,0,0,0,0,0,0,0,0,0,0,0,0
89228,2020-10-01 06:40:07,301,63,0,0,1,0,0,0,0,0,0,0,0,0,0,0,0
89274,2020-10-01 06:53:27,385,63,0,0,0,0,0,0,0,0,0,0,0,0,1,0,0
89291,2020-10-01 06:59:20,410,61,0,1,0,1,0,0,0,0,0,0,0,0,0,0,0
89300,2020-10-01 07:01:27,417,61,0,1,0,1,0,0,0,0,0,0,0,0,0,0,0
89313,2020-10-01 07:06:57,426,61,0,1,0,1,0,0,0,0,0,0,0,0,0,0,0
89346,2020-10-01 07:24:06,498,61,0,1,0,1,0,0,0,0,0,0,0,0,0,0,0
89372,2020-10-01 07:33:00,585,60,0,1,0,1,0,0,0,0,0,0,0,0,0,0,0
89377,2020-10-01 07:37:14,637,60,0,1,0,1,0,0,0,0,0,0,0,0,0,0,0
89392,2020-10-01 07:41:15,647,59,0,0,0,1,0,0,0,0,0,0,0,0,0,0,0
89393,2020-10-01 07:41:26,651,59,0,0,0,1,0,0,0,0,0,0,0,0,0,0,0
89396,2020-10-01 07:44:10,659,59,0,0,0,0,0,0,0,0,0,0,0,0,0,0,1
89467,2020-10-01 08:07:09,725,58,0,0,0,1,0,0,0,0,0,0,0,0,0,0,0
89491,2020-10-01 08:15:24,742,58,0,0,0,0,0,0,0,0,0,0,0,0,0,0,1
89493,2020-10-01 08:16:02,749,59,0,0,0,1,0,0,0,0,0,0,0,0,0,0,0
89496,2020-10-01 08:17:45,767,59,0,0,0,0,0,0,0,0,0,0,0,0,0,0,1
89498,2020-10-01 08:19:14,777,59,0,0,0,0,0,0,0,0,0,0,0,0,0,0,1
89521,2020-10-01 08:24:41,785,59,0,1,0,1,0,0,0,0,0,0,0,0,0,0,0
89539,2020-10-01 08:34:09,802,58,0,0,0,0,0,0,0,0,0,0,0,0,0,0,1
89545,2020-10-01 08:37:28,816,57,0,0,0,0,0,0,0,0,0,0,0,0,0,0,1
89549,2020-10-01 08:40:08,920,58,0,0,1,0,0,0,0,0,0,0,0,0,0,0,0
89558,2020-10-01 08:43:33,985,58,0,0,0,0,0,0,0,0,0,0,0,0,0,0,1
89563,2020-10-01 08:48:21,1006,58,0,0,0,0,0,0,0,0,0,0,0,0,0,0,1
89584,2020-10-01 08:55:35,1016,58,0,0,0,0,0,0,0,0,0,0,0,0,0,0,1
89587,2020-10-01 08:58:22,1028,58,0,0,0,0,0,0,0,0,0,0,0,0,0,0,1
89592,2020-10-01 08:58:58,1035,58,0,0,0,0,0,0,0,0,0,0,0,0,0,0,1
89594,2020-10-01 08:59:10,1042,57,0,0,0,0,0,0,0,0,0,0,0,0,0,0,1
89598,2020-10-01 08:59:38,1059,57,0,0,0,0,0,0,0,0,0,0,0,0,0,0,1
89599,2020-10-01 08:59:45,1067,56,0,1,0,1,0,0,0,0,0,0,0,0,0,0,0
89621,2020-10-01 09:01:26,1076,56,0,0,0,0,0,0,0,0,0,0,0,0,0,0,1
89625,2020-10-01 09:02:32,1093,57,0,0,0,0,0,0,0,0,0,0,0,0,0,0,1
89627,2020-10-01 09:02:59,1120,57,0,0,0,0,0,0,0,0,0,0,0,0,0,0,1
89629,2020-10-01 09:03:20,1121,57,0,0,0,0,0,0,0,0,0,0,0,0,0,0,1
89633,2020-10-01 09:04:38,1160,57,0,0,0,0,0,0,0,0,0,0,0,0,0,0,1
89636,2020-10-01 09:05:31,1167,57,0,0,0,0,0,0,0,0,0,0,0,0,0,0,1
89656,2020-10-01 09:10:07,1202,58,0,0,1,0,0,0,0,0,0,0,0,0,0,0,0
89664,2020-10-01 09:11:57,1209,57,0,0,0,0,0,0,0,0,0,0,0,0,0,0,1
89677,2020-10-01 09:16:47,1216,57,0,1,0,1,0,0,0,0,0,0,0,0,0,0,0
90058,2020-10-01 11:34:24,1293,51,0,0,0,0,0,0,0,0,0,0,0,1,0,0,0
90075,2020-10-01 11:40:10,1327,53,0,0,1,0,0,0,0,0,0,0,0,0,0,0,0
90141,2020-10-01 12:02:51,1336,51,0,0,0,1,0,0,0,0,0,0,0,0,0,0,0
90167,2020-10-01 12:11:59,1344,51,0,0,0,1,0,0,0,0,0,0,0,0,0,0,0
90178,2020-10-01 12:18:02,1361,51,0,0,0,0,0,0,0,0,0,0,0,1,0,0,0
90238,2020-10-01 12:24:59,1395,50,0,0,1,0,0,0,0,0,0,0,0,0,0,0,0
90275,2020-10-01 12:38:46,1403,50,0,0,0,0,0,0,0,0,0,0,0,1,0,0,0
90308,2020-10-01 12:48:02,1410,50,0,0,0,0,0,0,0,0,0,0,0,1,0,0,0
90368,2020-10-01 13:08:58,1424,50,0,0,0,0,0,0,0,0,0,0,0,1,0,0,0
90437,2020-10-01 13:24:23,1433,50,0,0,0,0,0,0,0,0,0,0,0,0,0,0,1
90543,2020-10-01 13:50:14,1458,49,0,0,1,0,0,0,0,0,0,0,0,0,0,0,0
90636,2020-10-01 14:20:09,1466,49,0,0,1,0,0,0,0,0,0,0,0,0,0,0,0
90657,2020-10-01 14:30:09,1473,48,0,0,1,0,0,0,0,0,0,0,0,0,0,0,0
90676,2020-10-01 14:40:28,1483,47,0,0,1,0,0,0,0,0,0,0,0,0,0,0,0
90713,2020-10-01 15:01:05,1490,47,0,0,1,0,0,0,0,0,0,0,0,0,0,0,0
90763,2020-10-01 15:24:39,1552,45,0,0,0,0,0,0,0,0,0,0,0,1,0,0,0
90768,2020-10-01 15:26:30,1569,46,0,0,0,0,1,0,0,0,0,0,0,0,0,0,0
90788,2020-10-01 15:30:48,1601,46,0,0,0,1,0,0,0,0,0,0,0,0,0,0,0
90822,2020-10-01 15:45:33,1670,45,0,0,0,0,0,0,0,0,0,0,0,1,0,0,0
90827,2020-10-01 15:49:20,1677,44,0,0,0,0,0,0,0,0,0,0,0,1,0,0,0
90848,2020-10-01 15:56:50,1718,44,0,0,0,0,0,0,0,0,0,0,0,1,0,0,0
90853,2020-10-01 15:58:39,1725,46,0,0,0,0,1,0,0,0,0,0,0,0,0,0,0
90861,2020-10-01 16:00:46,1733,46,0,0,0,0,0,0,0,0,0,0,0,1,0,0,0
91029,2020-10-01 16:57:29,1741,43,0,0,0,0,0,0,0,0,0,0,0,1,0,0,0
91103,2020-10-01 17:21:52,1748,43,0,0,0,0,0,0,0,0,0,0,0,0,1,0,0
91112,2020-10-01 17:30:08,1763,42,0,0,1,0,0,0,0,0,0,0,0,0,0,0,0
91139,2020-10-01 17:46:32,1771,42,0,0,0,0,0,0,0,0,0,0,0,1,0,0,0
91163,2020-10-01 18:00:07,1796,42,0,0,1,0,0,0,0,0,0,0,0,0,0,0,0
91193,2020-10-01 18:10:11,1803,41,0,0,1,0,0,0,0,0,0,0,0,0,0,0,0
91302,2020-10-01 18:57:42,1824,40,0,0,0,0,0,0,0,0,0,0,0,1,0,0,0
91345,2020-10-01 19:10:09,1844,40,0,0,1,0,0,0,0,0,0,0,0,0,0,0,0
91363,2020-10-01 19:17:02,1856,40,0,0,0,1,0,0,0,0,0,0,0,0,0,0,0
91365,2020-10-01 19:17:19,1865,40,0,0,0,0,1,0,0,0,0,0,0,0,0,0,0
91383,2020-10-01 19:21:44,1891,40,0,0,0,0,0,0,0,0,0,0,0,0,1,0,0
91387,2020-10-01 19:23:27,1903,40,0,0,0,1,0,0,0,0,0,0,0,0,0,0,0
91508,2020-10-01 20:09:48,2202,38,0,0,0,0,0,0,0,0,0,0,0,1,0,0,0
91532,2020-10-01 20:20:07,2242,38,0,0,1,0,0,0,0,0,0,0,0,0,0,0,0
91557,2020-10-01 20:36:40,2271,37,0,0,0,0,0,0,0,0,0,0,0,1,0,0,0
91595,2020-10-01 21:06:14,2278,37,0,0,0,1,0,0,0,0,0,0,0,0,0,0,0
91614,2020-10-01 21:20:08,2290,36,0,0,1,0,0,0,0,0,0,0,0,0,0,0,0
91644,2020-10-01 21:50:07,2324,36,0,0,1,0,0,0,0,0,0,0,0,0,0,0,0
91674,2020-10-01 22:32:02,2378,35,0,0,1,0,0,0,0,0,0,0,0,0,0,0,0
91681,2020-10-01 22:40:09,2386,34,0,0,1,0,0,0,0,0,0,0,0,0,0,0,0
91691,2020-10-01 22:50:07,2497,34,0,0,1,0,0,0,0,0,0,0,0,0,0,0,0
91800,2020-10-02 05:40:08,8,29,0,0,1,0,0,0,0,0,0,0,0,0,0,0,0
92247,2020-10-02 11:27:58,25,97,0,0,0,0,1,0,0,0,0,0,0,0,0,0,0
92332,2020-10-02 11:50:45,369,96,0,0,0,1,0,0,0,0,0,0,0,0,0,0,0
92371,2020-10-02 12:02:08,1046,96,0,0,1,0,0,0,0,0,0,0,0,0,0,0,0
92406,2020-10-02 12:13:07,2101,95,0,0,1,0,0,0,0,0,0,0,0,0,0,0,0
92410,2020-10-02 12:14:19,2234,95,0,0,0,0,0,0,0,0,0,0,0,0,1,0,0
92412,2020-10-02 12:14:29,2251,94,0,0,0,0,0,0,0,0,0,0,0,0,1,0,0
92432,2020-10-02 12:22:11,2780,93,0,0,0,0,0,0,0,0,0,0,0,0,1,0,0
92433,2020-10-02 12:22:21,2800,93,0,0,0,0,0,0,0,0,0,0,0,0,1,0,0
92434,2020-10-02 12:22:33,2817,93,0,0,0,0,0,0,0,0,0,0,0,0,1,0,0
92435,2020-10-02 12:22:44,2830,94,0,0,0,0,0,0,0,0,0,0,0,0,1,0,0
92436,2020-10-02 12:22:55,2844,93,0,0,0,0,0,0,0,0,0,0,0,0,1,0,0
92437,2020-10-02 12:23:06,2857,94,0,0,0,0,0,0,0,0,0,0,0,0,1,0,0
92439,2020-10-02 12:23:18,2875,93,0,0,0,0,0,0,0,0,0,0,0,0,1,0,0
92440,2020-10-02 12:23:30,2890,94,0,0,0,0,0,0,0,0,0,0,0,0,1,0,0
92441,2020-10-02 12:23:39,2908,94,0,0,0,0,0,0,0,0,0,0,0,0,1,0,0
92443,2020-10-02 12:23:51,2929,93,0,0,0,0,0,0,0,0,0,0,0,0,1,0,0
92445,2020-10-02 12:23:55,2934,93,0,0,0,0,1,0,0,0,0,0,0,0,0,0,0
92446,2020-10-02 12:23:56,2939,93,0,0,0,0,0,0,1,0,0,0,0,0,0,0,0
92447,2020-10-02 12:23:57,2940,94,0,0,0,0,0,0,0,1,0,0,0,0,0,0,0
92448,2020-10-02 12:24:00,2941,94,0,0,0,0,0,0,0,0,1,0,0,0,0,0,0
92449,2020-10-02 12:24:14,2953,94,0,0,0,0,0,0,0,0,0,0,0,0,1,0,0
92451,2020-10-02 12:25:02,3011,94,0,0,0,0,0,0,0,0,0,0,0,0,1,0,0
92452,2020-10-02 12:25:11,3015,93,0,0,0,0,0,0,0,0,0,0,0,0,1,0,0
92505,2020-10-02 12:42:54,4515,92,0,0,1,0,0,0,0,0,0,0,0,0,0,0,0
92559,2020-10-02 12:56:05,5810,91,0,0,0,0,1,0,0,0,0,0,0,0,0,0,0
92611,2020-10-02 13:10:09,6429,92,0,0,1,0,0,0,0,0,0,0,0,0,0,0,0
92628,2020-10-02 13:17:35,7045,91,0,0,0,0,0,0,0,0,0,0,0,0,1,0,0
92629,2020-10-02 13:17:44,7056,91,0,0,0,0,0,0,0,0,0,0,0,0,1,0,0
92630,2020-10-02 13:17:54,7071,91,0,0,0,0,0,0,0,0,0,0,0,0,1,0,0
92631,2020-10-02 13:18:03,7086,92,0,0,0,0,0,0,0,0,0,0,0,0,1,0,0
92638,2020-10-02 13:20:09,7087,91,0,0,1,0,0,0,0,0,0,0,0,0,0,0,0
92643,2020-10-02 13:21:30,7097,91,0,0,0,0,0,0,0,0,0,0,0,0,1,0,0
92650,2020-10-02 13:23:48,7104,91,0,0,0,0,0,0,0,0,0,0,0,0,1,0,0
92681,2020-10-02 13:33:37,7174,90,0,0,0,0,0,0,0,0,0,0,0,0,1,0,0
92684,2020-10-02 13:33:47,7186,90,0,0,0,0,0,0,0,0,0,0,0,0,1,0,0
92686,2020-10-02 13:33:56,7203,90,0,0,0,0,0,0,0,0,0,0,0,0,1,0,0
92688,2020-10-02 13:34:07,7215,90,0,0,0,0,0,0,0,0,0,0,0,0,1,0,0
92689,2020-10-02 13:34:55,7273,90,0,0,0,0,0,0,0,0,0,0,0,0,1,0,0
92691,2020-10-02 13:35:05,7290,90,0,0,0,0,0,0,0,0,0,0,0,0,1,0,0
92692,2020-10-02 13:35:15,7305,90,0,0,0,0,0,0,0,0,0,0,0,0,1,0,0
92693,2020-10-02 13:35:26,7309,90,0,0,0,0,0,0,0,0,0,0,0,0,1,0,0
92735,2020-10-02 13:50:48,8375,90,0,0,1,0,0,0,0,0,0,0,0,0,0,0,0
92737,2020-10-02 13:51:54,8453,90,0,0,0,0,0,0,0,0,0,0,0,0,1,0,0
92738,2020-10-02 13:52:04,8466,90,0,0,0,0,0,0,0,0,0,0,0,0,1,0,0
92739,2020-10-02 13:52:14,8469,90,0,0,0,0,0,0,0,0,0,0,0,0,1,0,0
92740,2020-10-02 13:52:24,8490,89,0,0,0,0,0,0,0,0,0,0,0,0,1,0,0
92742,2020-10-02 13:53:31,8540,91,0,0,0,0,0,0,0,0,0,0,0,0,1,0,0
92744,2020-10-02 13:53:41,8552,89,0,0,0,0,0,0,0,0,0,0,0,0,1,0,0
92747,2020-10-02 13:54:02,8559,88,0,0,0,0,0,0,0,0,0,0,0,0,1,0,0
92759,2020-10-02 13:59:55,8579,90,0,0,0,0,0,0,0,0,0,0,0,0,1,0,0
92772,2020-10-02 14:03:51,8598,88,0,0,0,0,0,0,0,0,0,0,0,0,1,0,0
92773,2020-10-02 14:04:01,8614,90,0,0,0,0,0,0,0,0,0,0,0,0,1,0,0
92774,2020-10-02 14:04:32,8667,88,0,0,0,0,0,0,0,0,0,0,0,0,1,0,0
92775,2020-10-02 14:04:43,8682,89,0,0,0,0,0,0,0,0,0,0,0,0,1,0,0
92777,2020-10-02 14:04:53,8700,90,0,0,0,0,0,0,0,0,0,0,0,0,1,0,0
92778,2020-10-02 14:05:04,8708,88,0,0,0,0,0,0,0,0,0,0,0,0,1,0,0
92779,2020-10-02 14:05:14,8721,88,0,0,0,0,0,0,0,0,0,0,0,0,1,0,0
92780,2020-10-02 14:05:24,8739,89,0,0,0,0,0,0,0,0,0,0,0,0,1,0,0
92782,2020-10-02 14:05:35,8759,89,0,0,0,0,0,0,0,0,0,0,0,0,1,0,0
92783,2020-10-02 14:05:46,8777,89,0,0,0,0,0,0,0,0,0,0,0,0,1,0,0
92784,2020-10-02 14:05:56,8792,88,0,0,0,0,0,0,0,0,0,0,0,0,1,0,0
92785,2020-10-02 14:06:09,8812,90,0,0,0,0,0,0,0,0,0,0,0,0,1,0,0
92786,2020-10-02 14:06:19,8824,89,0,0,0,0,0,0,0,0,0,0,0,0,1,0,0
92787,2020-10-02 14:06:30,8837,89,0,0,0,0,0,0,0,0,0,0,0,0,1,0,0
92813,2020-10-02 14:14:04,9493,88,0,0,1,0,0,0,0,0,0,0,0,0,0,0,0
92815,2020-10-02 14:15:42,9554,89,0,0,0,0,1,0,0,0,0,0,0,0,0,0,0
93077,2020-10-02 15:57:44,9566,84,0,0,0,0,0,0,0,0,0,0,0,1,0,0,0
93226,2020-10-02 16:50:08,9600,82,0,0,1,0,0,0,0,0,0,0,0,0,0,0,0
93269,2020-10-02 17:08:13,9697,81,0,0,0,0,0,0,0,0,0,0,0,0,0,0,1
93271,2020-10-02 17:09:49,9724,81,0,0,0,0,0,0,0,0,0,0,0,0,0,0,1
93290,2020-10-02 17:12:03,9803,81,0,0,0,1,0,0,0,0,0,0,0,0,0,0,0
93318,2020-10-02 17:20:07,10111,83,0,0,1,0,0,0,0,0,0,0,0,0,0,0,0
93355,2020-10-02 17:31:34,10416,81,0,0,1,0,0,0,0,0,0,0,0,0,0,0,0
93375,2020-10-02 17:40:08,10503,81,0,0,1,0,0,0,0,0,0,0,0,0,0,0,0
93481,2020-10-02 18:18:16,10516,78,0,0,0,0,0,0,0,0,0,0,0,1,0,0,0
93649,2020-10-02 19:22:36,10525,76,0,0,0,1,0,0,0,0,0,0,0,0,0,0,0
93668,2020-10-02 19:31:55,10542,76,0,0,0,0,0,0,0,0,0,0,0,1,0,0,0
93748,2020-10-02 20:20:13,10589,74,0,0,1,0,0,0,0,0,0,0,0,0,0,0,0
93824,2020-10-02 21:20:07,10604,72,0,0,1,0,0,0,0,0,0,0,0,0,0,0,0
94039,2020-10-03 06:49:19,247,54,0,0,0,0,1,0,0,0,0,0,0,0,0,0,0
94052,2020-10-03 07:04:18,348,53,0,0,1,0,0,0,0,0,0,0,0,0,0,0,0
94062,2020-10-03 07:20:06,359,52,0,0,1,0,0,0,0,0,0,0,0,0,0,0,0
94141,2020-10-03 08:17:58,388,50,0,0,0,0,0,0,0,0,0,0,0,0,0,1,0
94174,2020-10-03 08:40:08,406,50,0,0,1,0,0,0,0,0,0,0,0,0,0,0,0
94188,2020-10-03 08:50:07,431,50,0,0,1,0,0,0,0,0,0,0,0,0,0,0,0
94226,2020-10-03 09:08:18,442,50,0,0,0,0,0,0,0,0,0,0,0,1,0,0,0
94241,2020-10-03 09:20:08,463,49,0,0,1,0,0,0,0,0,0,0,0,0,0,0,0
94263,2020-10-03 09:30:07,467,49,0,0,1,0,0,0,0,0,0,0,0,0,0,0,0
94334,2020-10-03 10:00:06,504,48,0,0,1,0,0,0,0,0,0,0,0,0,0,0,0
94375,2020-10-03 10:10:09,515,48,0,0,1,0,0,0,0,0,0,0,0,0,0,0,0
94379,2020-10-03 10:12:23,526,48,0,0,0,1,0,0,0,0,0,0,0,0,0,0,0
94450,2020-10-03 10:50:07,784,46,0,0,1,0,0,0,0,0,0,0,0,0,0,0,0
94470,2020-10-03 10:58:04,1036,46,0,0,0,0,0,0,0,0,0,0,0,1,0,0,0
94472,2020-10-03 10:59:13,1077,47,0,0,0,0,0,0,0,0,0,0,0,1,0,0,0
94492,2020-10-03 11:07:37,1146,46,0,0,0,1,0,0,0,0,0,0,0,0,0,0,0
94524,2020-10-03 11:20:09,1596,46,0,0,1,0,0,0,0,0,0,0,0,0,0,0,0
94538,2020-10-03 11:30:08,2671,46,0,0,1,0,0,0,0,0,0,0,0,0,0,0,0
94543,2020-10-03 11:34:57,3150,45,0,0,0,0,1,0,0,0,0,0,0,0,0,0,0
94544,2020-10-03 11:35:34,3203,46,0,0,0,0,0,0,0,0,0,0,0,0,1,0,0
94545,2020-10-03 11:35:44,3217,46,0,0,0,0,0,0,0,0,0,0,0,0,1,0,0
94546,2020-10-03 11:36:07,3247,45,0,0,0,0,0,0,0,0,0,0,0,0,1,0,0
94547,2020-10-03 11:36:14,3262,47,0,0,0,0,0,0,0,0,0,0,0,0,1,0,0
94548,2020-10-03 11:36:43,3307,45,0,0,0,0,0,0,0,0,0,0,0,0,1,0,0
94550,2020-10-03 11:37:04,3335,46,0,0,0,0,0,0,0,0,0,0,0,0,1,0,0
94551,2020-10-03 11:37:36,3377,46,0,0,0,0,0,0,0,0,0,0,0,0,1,0,0
94552,2020-10-03 11:37:44,3392,46,0,0,0,0,0,0,0,0,0,0,0,0,1,0,0
94553,2020-10-03 11:37:52,3404,46,0,0,0,0,0,0,0,0,0,0,0,0,1,0,0
94560,2020-10-03 11:40:09,3501,45,0,0,1,0,0,0,0,0,0,0,0,0,0,0,0
94598,2020-10-03 12:03:24,3669,45,0,0,0,0,0,0,0,0,0,0,0,0,1,0,0
94599,2020-10-03 12:03:35,3689,45,0,0,0,0,0,0,0,0,0,0,0,0,1,0,0
94601,2020-10-03 12:03:44,3708,45,0,0,0,0,0,0,0,0,0,0,0,0,1,0,0
94602,2020-10-03 12:03:54,3728,45,0,0,0,0,0,0,0,0,0,0,0,0,1,0,0
94603,2020-10-03 12:04:04,3747,45,0,0,0,0,0,0,0,0,0,0,0,0,1,0,0
94605,2020-10-03 12:04:13,3766,46,0,0,0,0,0,0,0,0,0,0,0,0,1,0,0
94606,2020-10-03 12:04:24,3786,45,0,0,0,0,0,0,0,0,0,0,0,0,1,0,0
94607,2020-10-03 12:04:33,3806,45,0,0,0,0,0,0,0,0,0,0,0,0,1,0,0
94608,2020-10-03 12:04:43,3827,45,0,0,0,0,0,0,0,0,0,0,0,0,1,0,0
94609,2020-10-03 12:04:53,3846,45,0,0,0,0,0,0,0,0,0,0,0,0,1,0,0
94610,2020-10-03 12:05:03,3860,45,0,0,0,0,0,0,0,0,0,0,0,0,1,0,0
94611,2020-10-03 12:05:13,3881,45,0,0,0,0,0,0,0,0,0,0,0,0,1,0,0
94612,2020-10-03 12:05:23,3897,46,0,0,0,0,0,0,0,0,0,0,0,0,1,0,0
94613,2020-10-03 12:05:33,3916,46,0,0,0,0,0,0,0,0,0,0,0,0,1,0,0
94615,2020-10-03 12:05:44,3933,45,0,0,0,0,0,0,0,0,0,0,0,0,1,0,0
94622,2020-10-03 12:08:40,4212,44,0,0,0,0,0,0,0,0,0,0,0,0,1,0,0
94623,2020-10-03 12:08:50,4227,45,0,0,0,0,0,0,0,0,0,0,0,0,1,0,0
94624,2020-10-03 12:09:00,4237,45,0,0,0,0,0,0,0,0,0,0,0,0,1,0,0
94627,2020-10-03 12:09:19,4262,45,0,0,0,0,0,0,0,0,0,0,0,0,1,0,0
94629,2020-10-03 12:09:28,4276,45,0,0,0,0,0,0,0,0,0,0,0,0,1,0,0
94630,2020-10-03 12:09:41,4289,45,0,0,0,0,0,0,0,0,0,0,0,0,1,0,0
94631,2020-10-03 12:09:48,4304,45,0,0,0,0,0,0,0,0,0,0,0,0,1,0,0
94640,2020-10-03 12:10:09,4328,46,0,0,1,0,0,0,0,0,0,0,0,0,0,0,0
94654,2020-10-03 12:14:21,4764,45,0,0,0,0,0,0,0,0,0,0,0,0,1,0,0
94655,2020-10-03 12:14:30,4784,44,0,0,0,0,0,0,0,0,0,0,0,0,1,0,0
94660,2020-10-03 12:15:14,4867,44,0,0,0,0,0,0,0,0,0,0,0,0,1,0,0
94662,2020-10-03 12:15:23,4886,44,0,0,0,0,0,0,0,0,0,0,0,0,1,0,0
94664,2020-10-03 12:15:37,4905,44,0,0,0,0,0,0,0,0,0,0,0,0,1,0,0
94665,2020-10-03 12:15:41,4923,44,0,0,0,0,0,0,0,0,0,0,0,0,1,0,0
94670,2020-10-03 12:16:14,4986,45,0,0,0,0,0,0,0,0,0,0,0,0,1,0,0
94672,2020-10-03 12:16:27,5007,44,0,0,0,0,0,0,0,0,0,0,0,0,1,0,0
94674,2020-10-03 12:16:37,5028,45,0,0,0,0,0,0,0,0,0,0,0,0,1,0,0
94680,2020-10-03 12:17:20,5113,45,0,0,0,0,0,0,0,0,0,0,0,0,1,0,0
94682,2020-10-03 12:17:30,5132,45,0,0,0,0,0,0,0,0,0,0,0,0,1,0,0
94685,2020-10-03 12:17:52,5168,45,0,0,0,0,0,0,0,0,0,0,0,0,1,0,0
94689,2020-10-03 12:18:35,5255,44,0,0,0,0,0,0,0,0,0,0,0,0,1,0,0
94691,2020-10-03 12:18:48,5273,44,0,0,0,0,0,0,0,0,0,0,0,0,1,0,0
94692,2020-10-03 12:18:55,5290,45,0,0,0,0,0,0,0,0,0,0,0,0,1,0,0
94697,2020-10-03 12:20:03,5323,45,0,0,0,0,0,0,0,0,0,0,0,0,1,0,0
94703,2020-10-03 12:20:09,5326,45,0,0,1,0,0,0,0,0,0,0,0,0,0,0,0
94706,2020-10-03 12:20:13,5338,45,0,0,0,0,0,0,0,0,0,0,0,0,1,0,0
94708,2020-10-03 12:20:25,5354,44,0,0,0,0,0,0,0,0,0,0,0,0,1,0,0
94709,2020-10-03 12:20:34,5373,44,0,0,0,0,0,0,0,0,0,0,0,0,1,0,0
94711,2020-10-03 12:21:05,5379,45,0,0,0,0,0,0,0,0,0,0,0,0,1,0,0
94712,2020-10-03 12:21:35,5428,44,0,0,0,0,0,0,0,0,0,0,0,0,1,0,0
94723,2020-10-03 12:30:07,5871,44,0,0,1,0,0,0,0,0,0,0,0,0,0,0,0
94765,2020-10-03 12:40:09,6219,45,0,0,1,0,0,0,0,0,0,0,0,0,0,0,0
94782,2020-10-03 12:48:37,6402,44,0,0,0,0,0,0,0,0,0,0,0,0,1,0,0
94793,2020-10-03 12:50:10,6538,44,0,0,1,0,0,0,0,0,0,0,0,0,0,0,0
94816,2020-10-03 13:00:09,7542,44,0,0,1,0,0,0,0,0,0,0,0,0,0,0,0
94849,2020-10-03 13:10:09,8178,44,0,0,1,0,0,0,0,0,0,0,0,0,0,0,0
94878,2020-10-03 13:20:08,9088,42,0,0,1,0,0,0,0,0,0,0,0,0,0,0,0
94901,2020-10-03 13:30:08,10089,42,0,0,1,0,0,0,0,0,0,0,0,0,0,0,0
94929,2020-10-03 13:40:06,11103,42,0,0,1,0,0,0,0,0,0,0,0,0,0,0,0
94965,2020-10-03 13:50:09,11923,43,0,0,1,0,0,0,0,0,0,0,0,0,0,0,0
94976,2020-10-03 13:55:32,12429,42,0,0,0,0,1,0,0,0,0,0,0,0,0,0,0
94977,2020-10-03 13:55:34,12432,42,0,0,0,0,0,1,0,0,0,0,0,0,0,0,0
95003,2020-10-03 14:01:24,12755,42,0,0,0,0,0,0,0,0,0,0,0,0,1,0,0
95008,2020-10-03 14:03:13,12772,41,0,0,0,0,0,0,0,0,0,0,0,0,1,0,0
95034,2020-10-03 14:11:24,13084,42,0,0,1,0,0,0,0,0,0,0,0,0,0,0,0
95054,2020-10-03 14:21:23,13103,41,0,0,0,0,1,0,0,0,0,0,0,0,0,0,0
95056,2020-10-03 14:22:18,13143,40,0,0,0,0,1,0,0,0,0,0,0,0,0,0,0
95067,2020-10-03 14:28:41,13152,40,0,1,0,1,0,0,0,0,0,0,0,0,0,0,0
95079,2020-10-03 14:35:20,13159,41,0,0,0,0,0,0,0,0,0,0,0,1,0,0,0
95236,2020-10-03 15:20:06,13166,39,0,0,1,0,0,0,0,0,0,0,0,0,0,0,0
95363,2020-10-03 16:10:06,13181,39,0,0,1,0,0,0,0,0,0,0,0,0,0,0,0
95755,2020-10-03 18:50:08,13188,33,0,0,1,0,0,0,0,0,0,0,0,0,0,0,0
95771,2020-10-03 19:00:07,13198,33,0,0,1,0,0,0,0,0,0,0,0,0,0,0,0
95794,2020-10-03 19:10:04,13208,33,0,0,1,0,0,0,0,0,0,0,0,0,0,0,0
95826,2020-10-03 19:34:19,13282,33,0,0,0,1,0,0,0,0,0,0,0,0,0,0,0
95839,2020-10-03 19:42:36,13289,32,0,0,0,0,0,0,0,0,0,0,0,1,0,0,0
95848,2020-10-03 19:50:06,13309,33,0,0,1,0,0,0,0,0,0,0,0,0,0,0,0
95895,2020-10-03 20:20:09,13323,32,0,0,1,0,0,0,0,0,0,0,0,0,0,0,0
95965,2020-10-03 21:40:08,13360,30,0,0,1,0,0,0,0,0,0,0,0,0,0,0,0
95968,2020-10-03 21:46:01,13418,31,0,0,0,0,1,0,0,0,0,0,0,0,0,0,0
95987,2020-10-03 22:00:15,13437,52,1,0,1,0,0,0,0,0,0,0,0,0,0,0,0
96181,2020-10-04 07:00:07,13,98,0,0,1,0,0,0,0,0,0,0,0,0,0,0,0
96197,2020-10-04 07:10:07,200,98,0,0,1,0,0,0,0,0,0,0,0,0,0,0,0
96237,2020-10-04 07:30:06,285,98,0,0,1,0,0,0,0,0,0,0,0,0,0,0,0
96252,2020-10-04 07:40:08,316,96,0,0,1,0,0,0,0,0,0,0,0,0,0,0,0
96277,2020-10-04 07:50:14,521,95,0,0,1,0,0,0,0,0,0,0,0,0,0,0,0
96279,2020-10-04 07:51:51,536,95,0,1,0,1,0,0,0,0,0,0,0,0,0,0,0
96310,2020-10-04 08:00:14,759,96,0,0,1,0,0,0,0,0,0,0,0,0,0,0,0
96388,2020-10-04 08:40:09,973,93,0,0,1,0,0,0,0,0,0,0,0,0,0,0,0
96392,2020-10-04 08:42:08,991,94,0,1,0,1,0,0,0,0,0,0,0,0,0,0,0
96407,2020-10-04 08:50:09,1014,94,0,0,1,0,0,0,0,0,0,0,0,0,0,0,0
96411,2020-10-04 08:51:25,1040,92,0,0,0,0,1,0,0,0,0,0,0,0,0,0,0
96422,2020-10-04 09:00:09,1712,93,0,0,1,0,0,0,0,0,0,0,0,0,0,0,0
96433,2020-10-04 09:07:56,2329,93,0,0,0,0,0,0,0,0,0,0,0,0,1,0,0
96434,2020-10-04 09:08:05,2339,94,0,0,0,0,0,0,0,0,0,0,0,0,1,0,0
96448,2020-10-04 09:11:43,2474,92,0,0,0,0,0,0,0,0,0,0,0,0,1,0,0
96459,2020-10-04 09:20:09,2513,92,0,0,1,0,0,0,0,0,0,0,0,0,0,0,0
96480,2020-10-04 09:30:08,2544,91,0,0,1,0,0,0,0,0,0,0,0,0,0,0,0
96579,2020-10-04 10:36:44,2624,87,0,0,0,0,0,0,0,0,0,0,0,0,1,0,0
96580,2020-10-04 10:36:53,2643,88,0,0,0,0,0,0,0,0,0,0,0,0,1,0,0
96584,2020-10-04 10:40:09,2682,88,0,0,1,0,0,0,0,0,0,0,0,0,0,0,0
96611,2020-10-04 10:50:08,2722,86,0,0,1,0,0,0,0,0,0,0,0,0,0,0,0
96622,2020-10-04 10:55:36,2804,87,0,0,0,0,0,0,0,0,0,0,0,0,1,0,0
96633,2020-10-04 11:00:07,2859,87,0,0,1,0,0,0,0,0,0,0,0,0,0,0,0
96649,2020-10-04 11:05:32,3109,87,0,0,0,0,1,0,0,0,0,0,0,0,0,0,0
96652,2020-10-04 11:08:51,3153,87,0,1,0,1,0,0,0,0,0,0,0,0,0,0,0
96671,2020-10-04 11:18:08,3209,85,0,0,0,0,0,0,0,0,0,0,0,1,0,0,0
96751,2020-10-04 11:47:42,3217,85,0,1,0,1,0,0,0,0,0,0,0,0,0,0,0
96786,2020-10-04 12:07:40,3436,84,0,0,0,0,0,0,0,0,0,0,0,1,0,0,0
96822,2020-10-04 12:30:10,3472,83,0,0,1,0,0,0,0,0,0,0,0,0,0,0,0
96838,2020-10-04 12:40:09,3523,83,0,0,1,0,0,0,0,0,0,0,0,0,0,0,0
96847,2020-10-04 12:47:28,3569,83,0,1,0,1,0,0,0,0,0,0,0,0,0,0,0
96865,2020-10-04 12:54:55,3597,83,0,0,1,0,0,0,0,0,0,0,0,0,0,0,0
96870,2020-10-04 13:00:08,3951,83,0,0,1,0,0,0,0,0,0,0,0,0,0,0,0
96881,2020-10-04 13:06:41,4169,82,0,0,0,0,1,0,0,0,0,0,0,0,0,0,0
96891,2020-10-04 13:10:09,4540,83,0,0,1,0,0,0,0,0,0,0,0,0,0,0,0
96912,2020-10-04 13:26:16,6129,82,0,0,0,0,1,0,0,0,0,0,0,0,0,0,0
96926,2020-10-04 13:33:23,6840,81,0,0,1,0,0,0,0,0,0,0,0,0,0,0,0
96959,2020-10-04 13:44:00,7702,81,0,0,0,0,1,0,0,0,0,0,0,0,0,0,0
96990,2020-10-04 13:54:28,8467,80,0,0,1,0,0,0,0,0,0,0,0,0,0,0,0
97038,2020-10-04 14:13:39,9736,78,0,0,0,0,1,0,0,0,0,0,0,0,0,0,0
97050,2020-10-04 14:20:09,10379,79,0,0,1,0,0,0,0,0,0,0,0,0,0,0,0
97096,2020-10-04 14:34:08,11552,77,0,0,0,0,1,0,0,0,0,0,0,0,0,0,0
97113,2020-10-04 14:40:08,11678,79,0,0,1,0,0,0,0,0,0,0,0,0,0,0,0
97140,2020-10-04 14:50:11,12707,78,0,0,1,0,0,0,0,0,0,0,0,0,0,0,0
97151,2020-10-04 14:59:26,13681,79,0,0,0,0,0,0,0,0,0,0,0,0,1,0,0
97161,2020-10-04 15:00:10,13747,78,0,0,1,0,0,0,0,0,0,0,0,0,0,0,0
97164,2020-10-04 15:01:33,13884,77,0,0,0,0,0,0,0,0,0,0,0,0,1,0,0
97169,2020-10-04 15:02:52,14017,78,0,0,0,0,0,0,0,0,0,0,0,0,1,0,0
97171,2020-10-04 15:04:11,14149,79,0,0,0,0,0,0,0,0,0,0,0,0,1,0,0
97173,2020-10-04 15:04:21,14165,77,0,0,0,0,0,0,0,0,0,0,0,0,1,0,0
97174,2020-10-04 15:04:31,14183,78,0,0,0,0,0,0,0,0,0,0,0,0,1,0,0
97175,2020-10-04 15:04:41,14200,78,0,0,0,0,0,0,0,0,0,0,0,0,1,0,0
97176,2020-10-04 15:04:50,14219,77,0,0,0,0,0,0,0,0,0,0,0,0,1,0,0
97185,2020-10-04 15:09:13,14603,78,0,0,0,0,0,0,0,0,0,0,0,0,1,0,0
97194,2020-10-04 15:10:11,14672,78,0,0,1,0,0,0,0,0,0,0,0,0,0,0,0
97225,2020-10-04 15:21:28,15530,77,0,0,1,0,0,0,0,0,0,0,0,0,0,0,0
97253,2020-10-04 15:31:34,16606,78,0,0,1,0,0,0,0,0,0,0,0,0,0,0,0
97263,2020-10-04 15:34:12,16751,77,0,0,0,0,1,0,0,0,0,0,0,0,0,0,0
97394,2020-10-04 16:15:21,16802,74,0,1,0,1,0,0,0,0,0,0,0,0,0,0,0
97408,2020-10-04 16:17:30,16832,74,0,0,0,0,0,0,0,0,0,0,0,1,0,0,0
97465,2020-10-04 16:28:31,16840,75,0,0,0,0,1,0,0,0,0,0,0,0,0,0,0
97522,2020-10-04 16:40:14,16858,73,0,0,1,0,0,0,0,0,0,0,0,0,0,0,0
97557,2020-10-04 16:50:13,16879,73,0,0,1,0,0,0,0,0,0,0,0,0,0,0,0
97574,2020-10-04 16:59:00,16886,72,0,0,0,0,0,0,0,0,0,0,0,1,0,0,0
97639,2020-10-04 17:20:55,16936,73,0,0,0,0,1,0,0,0,0,0,0,0,0,0,0
97644,2020-10-04 17:22:58,16943,71,0,0,0,0,0,0,0,0,0,0,0,1,0,0,0
97664,2020-10-04 17:38:24,16963,72,0,0,0,0,0,0,0,0,0,0,0,1,0,0,0
97761,2020-10-04 18:22:01,17216,69,0,0,0,0,0,0,0,0,0,0,0,1,0,0,0
97793,2020-10-04 18:39:55,17228,68,0,0,0,0,0,0,0,0,0,0,0,1,0,0,0
97815,2020-10-04 18:50:07,17252,68,0,0,1,0,0,0,0,0,0,0,0,0,0,0,0
97885,2020-10-04 19:27:06,17277,67,0,0,0,0,1,0,0,0,0,0,0,0,0,0,0
97887,2020-10-04 19:28:05,17288,67,0,0,0,0,0,0,0,0,0,0,0,1,0,0,0
97899,2020-10-04 19:31:39,17296,67,0,1,0,1,0,0,0,0,0,0,0,0,0,0,0
97916,2020-10-04 19:45:37,17305,66,0,0,0,0,0,0,0,0,0,0,0,1,0,0,0
97969,2020-10-04 20:20:09,17321,67,0,0,1,0,0,0,0,0,0,0,0,0,0,0,0
97976,2020-10-04 20:30:08,17328,66,0,0,1,0,0,0,0,0,0,0,0,0,0,0,0
98012,2020-10-04 21:00:09,17359,64,0,0,1,0,0,0,0,0,0,0,0,0,0,0,0
98225,2020-10-05 07:04:42,11,77,0,0,0,0,0,0,0,0,0,0,0,1,0,0,0
98271,2020-10-05 07:30:52,40,76,0,0,1,0,0,0,0,0,0,0,0,0,0,0,0
98361,2020-10-05 08:30:08,55,74,0,0,1,0,0,0,0,0,0,0,0,0,0,0,0
98377,2020-10-05 08:40:08,95,73,0,0,1,0,0,0,0,0,0,0,0,0,0,0,0
98404,2020-10-05 08:56:51,120,71,0,0,0,0,0,0,0,0,0,0,0,1,0,0,0
98429,2020-10-05 09:09:55,129,71,0,0,0,0,0,0,0,0,0,0,0,1,0,0,0
98464,2020-10-05 09:20:07,138,71,0,0,1,0,0,0,0,0,0,0,0,0,0,0,0
98492,2020-10-05 09:30:08,154,71,0,0,1,0,0,0,0,0,0,0,0,0,0,0,0
98550,2020-10-05 09:50:07,164,70,0,0,1,0,0,0,0,0,0,0,0,0,0,0,0
98586,2020-10-05 10:04:03,328,70,0,0,1,0,0,0,0,0,0,0,0,0,0,0,0
98599,2020-10-05 10:09:54,365,69,0,1,0,1,0,0,0,0,0,0,0,0,0,0,0
98610,2020-10-05 10:13:28,381,68,0,0,0,0,0,0,0,0,0,0,0,0,0,0,1
98645,2020-10-05 10:30:08,578,69,0,0,1,0,0,0,0,0,0,0,0,0,0,0,0
98698,2020-10-05 10:50:09,680,68,0,0,1,0,0,0,0,0,0,0,0,0,0,0,0
98751,2020-10-05 11:10:07,928,68,0,0,1,0,0,0,0,0,0,0,0,0,0,0,0
98829,2020-10-05 11:40:10,974,66,0,0,1,0,0,0,0,0,0,0,0,0,0,0,0
98879,2020-10-05 11:53:59,989,66,0,0,1,0,0,0,0,0,0,0,0,0,0,0,0
98919,2020-10-05 12:03:55,1028,66,0,0,1,0,0,0,0,0,0,0,0,0,0,0,0
98949,2020-10-05 12:18:29,1110,66,0,0,0,0,0,0,0,0,0,0,0,1,0,0,0
99042,2020-10-05 12:58:34,1138,64,0,0,0,0,0,0,0,0,0,0,0,1,0,0,0
99226,2020-10-05 14:01:01,1162,62,0,0,0,0,0,0,0,0,0,0,0,1,0,0,0
99248,2020-10-05 14:08:28,1208,61,0,0,0,0,1,0,0,0,0,0,0,0,0,0,0
99250,2020-10-05 14:09:18,1243,62,0,1,0,1,0,0,0,0,0,0,0,0,0,0,0
99268,2020-10-05 14:12:04,1328,62,0,0,0,0,0,0,0,0,0,0,0,0,1,0,0
99271,2020-10-05 14:12:23,1335,62,0,0,0,0,0,0,0,0,0,0,0,0,1,0,0
99274,2020-10-05 14:12:32,1346,61,0,0,0,0,0,0,0,0,0,0,0,0,1,0,0
99276,2020-10-05 14:12:42,1348,61,0,0,0,0,0,0,0,0,0,0,0,0,1,0,0
99279,2020-10-05 14:12:52,1357,62,0,0,0,0,0,0,0,0,0,0,0,0,1,0,0
99281,2020-10-05 14:13:03,1364,62,0,0,0,0,0,0,0,0,0,0,0,0,1,0,0
99337,2020-10-05 14:28:08,1383,61,0,0,0,0,1,0,0,0,0,0,0,0,0,0,0
99424,2020-10-05 14:50:07,1416,60,0,0,1,0,0,0,0,0,0,0,0,0,0,0,0
99480,2020-10-05 15:10:08,1424,60,0,0,1,0,0,0,0,0,0,0,0,0,0,0,0
99522,2020-10-05 15:20:12,1480,59,0,0,1,0,0,0,0,0,0,0,0,0,0,0,0
99689,2020-10-05 16:20:09,1499,57,0,0,1,0,0,0,0,0,0,0,0,0,0,0,0
99711,2020-10-05 16:30:08,1507,57,0,0,1,0,0,0,0,0,0,0,0,0,0,0,0
99739,2020-10-05 16:40:09,1561,56,0,0,1,0,0,0,0,0,0,0,0,0,0,0,0
99772,2020-10-05 16:50:09,1575,56,0,0,1,0,0,0,0,0,0,0,0,0,0,0,0
99793,2020-10-05 17:00:09,1604,57,0,0,1,0,0,0,0,0,0,0,0,0,0,0,0
99879,2020-10-05 17:34:29,1743,55,0,0,0,0,0,0,0,0,0,0,0,0,1,0,0
99880,2020-10-05 17:34:38,1759,54,0,0,0,0,0,0,0,0,0,0,0,0,1,0,0
99882,2020-10-05 17:35:08,1767,56,0,0,0,0,0,0,0,0,0,0,0,0,1,0,0
99883,2020-10-05 17:35:18,1783,54,0,0,0,0,0,0,0,0,0,0,0,0,1,0,0
99885,2020-10-05 17:35:28,1793,54,0,0,0,0,0,0,0,0,0,0,0,0,1,0,0
99900,2020-10-05 17:40:08,1809,55,0,0,1,0,0,0,0,0,0,0,0,0,0,0,0
99924,2020-10-05 17:50:09,1829,55,0,0,1,0,0,0,0,0,0,0,0,0,0,0,0
99945,2020-10-05 18:00:08,1848,54,0,0,1,0,0,0,0,0,0,0,0,0,0,0,0
99988,2020-10-05 18:20:07,1855,53,0,0,1,0,0,0,0,0,0,0,0,0,0,0,0
100020,2020-10-05 18:40:08,1869,52,0,0,1,0,0,0,0,0,0,0,0,0,0,0,0
100027,2020-10-05 18:45:10,1884,52,0,0,0,0,0,0,0,0,0,0,0,1,0,0,0
100071,2020-10-05 19:10:06,1908,52,0,0,1,0,0,0,0,0,0,0,0,0,0,0,0
100118,2020-10-05 19:40:08,1917,50,0,0,1,0,0,0,0,0,0,0,0,0,0,0,0
100163,2020-10-05 20:10:08,1924,50,0,0,1,0,0,0,0,0,0,0,0,0,0,0,0
100185,2020-10-05 20:27:24,1932,50,0,0,0,0,0,0,0,0,0,0,0,1,0,0,0
100200,2020-10-05 20:40:07,1939,50,0,0,1,0,0,0,0,0,0,0,0,0,0,0,0
100248,2020-10-05 21:20:08,1951,48,0,0,1,0,0,0,0,0,0,0,0,0,0,0,0
100277,2020-10-05 21:53:42,1959,47,0,0,0,0,0,0,0,0,0,0,0,1,0,0,0
100293,2020-10-05 22:30:09,1993,47,0,0,1,0,0,0,0,0,0,0,0,0,0,0,0
100297,2020-10-05 22:37:30,2009,46,0,0,0,0,1,0,0,0,0,0,0,0,0,0,0
100312,2020-10-05 23:00:09,2016,72,1,0,1,0,0,0,0,0,0,0,0,0,0,0,0
100429,2020-10-06 06:30:08,7,91,0,0,1,0,0,0,0,0,0,0,0,0,0,0,0
100436,2020-10-06 06:38:25,24,90,0,1,0,1,0,0,0,0,0,0,0,0,0,0,0
100498,2020-10-06 07:35:09,50,88,0,0,0,0,1,0,0,0,0,0,0,0,0,0,0
100559,2020-10-06 08:01:44,102,88,0,0,1,0,0,0,0,0,0,0,0,0,0,0,0
100568,2020-10-06 08:10:07,141,87,0,0,1,0,0,0,0,0,0,0,0,0,0,0,0
100581,2020-10-06 08:20:13,297,87,0,0,1,0,0,0,0,0,0,0,0,0,0,0,0
100632,2020-10-06 08:46:58,520,86,0,0,0,0,0,0,0,0,0,0,0,1,0,0,0
100669,2020-10-06 09:02:15,555,85,0,0,0,0,0,0,0,0,0,0,0,1,0,0,0
100699,2020-10-06 09:10:57,596,85,0,1,0,1,0,0,0,0,0,0,0,0,0,0,0
100706,2020-10-06 09:16:52,617,85,0,0,0,0,1,0,0,0,0,0,0,0,0,0,0
100797,2020-10-06 09:41:44,2060,84,0,0,1,0,0,0,0,0,0,0,0,0,0,0,0
100808,2020-10-06 09:50:09,2813,84,0,0,1,0,0,0,0,0,0,0,0,0,0,0,0
100812,2020-10-06 09:50:24,2841,83,0,0,0,0,0,0,0,0,0,0,0,0,1,0,0
100813,2020-10-06 09:50:34,2854,83,0,0,0,0,0,0,0,0,0,0,0,0,1,0,0
100814,2020-10-06 09:50:44,2867,84,0,0,0,0,0,0,0,0,0,0,0,0,1,0,0
100816,2020-10-06 09:51:02,2895,83,0,0,0,0,0,0,0,0,0,0,0,0,1,0,0
100817,2020-10-06 09:51:12,2909,83,0,0,0,0,0,0,0,0,0,0,0,0,1,0,0
100819,2020-10-06 09:51:23,2923,83,0,0,0,0,0,0,0,0,0,0,0,0,1,0,0
100821,2020-10-06 09:51:32,2937,84,0,0,0,0,0,0,0,0,0,0,0,0,1,0,0
100823,2020-10-06 09:51:42,2952,84,0,0,0,0,0,0,0,0,0,0,0,0,1,0,0
100826,2020-10-06 09:51:52,2968,83,0,0,0,0,0,0,0,0,0,0,0,0,1,0,0
100827,2020-10-06 09:52:01,2984,84,0,0,0,0,0,0,0,0,0,0,0,0,1,0,0
100868,2020-10-06 10:02:48,3067,83,0,0,1,0,0,0,0,0,0,0,0,0,0,0,0
100989,2020-10-06 10:40:07,3216,81,0,0,0,0,1,0,0,0,0,0,0,0,0,0,0
100994,2020-10-06 10:40:32,3236,81,0,0,1,0,0,0,0,0,0,0,0,0,0,0,0
101038,2020-10-06 10:52:29,3721,82,0,0,0,0,1,0,0,0,0,0,0,0,0,0,0
101083,2020-10-06 11:09:32,3737,81,0,0,0,0,1,0,0,0,0,0,0,0,0,0,0
101144,2020-10-06 11:24:39,3874,80,0,0,0,0,0,0,0,0,0,0,0,0,1,0,0
102538,2020-10-06 18:35:15,13034,88,0,0,0,0,0,0,0,0,0,0,0,0,1,0,0
102607,2020-10-06 19:17:01,13045,86,0,0,0,0,0,0,0,0,0,0,0,1,0,0,0
102622,2020-10-06 19:30:08,13062,86,0,0,1,0,0,0,0,0,0,0,0,0,0,0,0
102646,2020-10-06 19:50:06,13069,85,0,0,1,0,0,0,0,0,0,0,0,0,0,0,0
102657,2020-10-06 20:00:09,13077,83,0,0,1,0,0,0,0,0,0,0,0,0,0,0,0
102735,2020-10-06 21:20:08,13084,81,0,0,1,0,0,0,0,0,0,0,0,0,0,0,0
102887,2020-10-07 05:25:39,20,65,0,1,0,1,0,0,0,0,0,0,0,0,0,0,0
102908,2020-10-07 05:40:06,133,64,0,0,1,0,0,0,0,0,0,0,0,0,0,0,0
102926,2020-10-07 06:00:06,140,63,0,0,1,0,0,0,0,0,0,0,0,0,0,0,0
102935,2020-10-07 06:10:07,159,63,0,0,1,0,0,0,0,0,0,0,0,0,0,0,0
102967,2020-10-07 06:40:06,166,61,0,0,1,0,0,0,0,0,0,0,0,0,0,0,0
103002,2020-10-07 07:10:07,174,61,0,0,1,0,0,0,0,0,0,0,0,0,0,0,0
103007,2020-10-07 07:13:14,182,70,1,0,0,0,0,0,0,0,0,0,0,1,0,0,0
103116,2020-10-07 08:11:17,227,98,0,0,0,0,0,0,0,0,0,0,0,1,0,0,0
103135,2020-10-07 08:21:39,237,97,0,0,0,0,0,0,0,0,0,0,0,1,0,0,0
103251,2020-10-07 09:16:54,253,94,0,1,0,1,0,0,0,0,0,0,0,0,0,0,0
103252,2020-10-07 09:17:44,263,94,0,1,0,1,0,0,0,0,0,0,0,0,0,0,0
103266,2020-10-07 09:25:03,286,94,0,0,1,0,0,0,0,0,0,0,0,0,0,0,0
103305,2020-10-07 09:40:08,300,94,0,0,1,0,0,0,0,0,0,0,0,0,0,0,0
103310,2020-10-07 09:42:16,308,93,0,0,0,0,0,0,0,0,0,0,0,1,0,0,0
103334,2020-10-07 09:50:07,315,94,0,0,1,0,0,0,0,0,0,0,0,0,0,0,0
103353,2020-10-07 09:58:31,324,92,0,0,0,0,0,0,0,0,0,0,0,1,0,0,0
103363,2020-10-07 10:00:07,337,92,0,0,1,0,0,0,0,0,0,0,0,0,0,0,0
103383,2020-10-07 10:10:07,371,93,0,0,1,0,0,0,0,0,0,0,0,0,0,0,0
103408,2020-10-07 10:20:09,595,90,0,0,1,0,0,0,0,0,0,0,0,0,0,0,0
103433,2020-10-07 10:30:07,688,91,0,0,1,0,0,0,0,0,0,0,0,0,0,0,0
103442,2020-10-07 10:31:36,696,91,0,0,0,0,1,0,0,0,0,0,0,0,0,0,0
103445,2020-10-07 10:34:45,703,92,0,0,0,0,1,0,0,0,0,0,0,0,0,0,0
103471,2020-10-07 10:45:04,730,90,0,0,1,0,0,0,0,0,0,0,0,0,0,0,0
103532,2020-10-07 11:00:21,831,90,0,0,1,0,0,0,0,0,0,0,0,0,0,0,0
103548,2020-10-07 11:10:08,944,90,0,0,1,0,0,0,0,0,0,0,0,0,0,0,0
103557,2020-10-07 11:12:53,972,90,0,0,0,0,0,0,0,0,0,0,0,0,1,0,0
103558,2020-10-07 11:13:03,986,90,0,0,0,0,0,0,0,0,0,0,0,0,1,0,0
103560,2020-10-07 11:13:12,997,89,0,0,0,0,0,0,0,0,0,0,0,0,1,0,0
103561,2020-10-07 11:13:22,1007,89,0,0,0,0,0,0,0,0,0,0,0,0,1,0,0
103564,2020-10-07 11:13:32,1010,90,0,0,0,0,0,0,0,0,0,0,0,0,1,0,0
103565,2020-10-07 11:13:42,1022,89,0,0,0,0,0,0,0,0,0,0,0,0,1,0,0
103566,2020-10-07 11:13:51,1034,89,0,0,0,0,0,0,0,0,0,0,0,0,1,0,0
103567,2020-10-07 11:14:01,1037,89,0,0,0,0,0,0,0,0,0,0,0,0,1,0,0
103568,2020-10-07 11:14:22,1060,89,0,0,0,0,0,0,0,0,0,0,0,0,1,0,0
103588,2020-10-07 11:21:42,1104,89,0,0,1,0,0,0,0,0,0,0,0,0,0,0,0
103632,2020-10-07 11:40:06,1111,88,0,0,1,0,0,0,0,0,0,0,0,0,0,0,0
103701,2020-10-07 12:01:43,1118,87,0,0,1,0,0,0,0,0,0,0,0,0,0,0,0
103728,2020-10-07 12:12:02,1125,86,0,0,1,0,0,0,0,0,0,0,0,0,0,0,0
103769,2020-10-07 12:36:48,1247,85,0,0,0,0,0,0,0,0,0,0,0,0,1,0,0
103785,2020-10-07 12:43:23,1874,86,0,0,1,0,0,0,0,0,0,0,0,0,0,0,0
103795,2020-10-07 12:48:45,2320,86,0,0,0,0,0,0,0,0,0,0,0,0,1,0,0
103797,2020-10-07 12:48:53,2333,86,0,0,0,0,0,0,0,0,0,0,0,0,1,0,0
103799,2020-10-07 12:49:04,2344,86,0,0,0,0,0,0,0,0,0,0,0,0,1,0,0
103801,2020-10-07 12:49:15,2357,85,0,0,0,0,0,0,0,0,0,0,0,0,1,0,0
103802,2020-10-07 12:49:26,2371,86,0,0,0,0,0,0,0,0,0,0,0,0,1,0,0
103816,2020-10-07 12:50:26,2385,85,0,0,0,0,0,0,0,0,0,0,0,0,1,0,0
103818,2020-10-07 12:50:35,2403,85,0,0,0,0,0,0,0,0,0,0,0,0,1,0,0
103819,2020-10-07 12:50:45,2420,85,0,0,0,0,0,0,0,0,0,0,0,0,1,0,0
103820,2020-10-07 12:50:55,2439,85,0,0,0,0,0,0,0,0,0,0,0,0,1,0,0
103821,2020-10-07 12:51:05,2463,85,0,0,0,0,0,0,0,0,0,0,0,0,1,0,0
103825,2020-10-07 12:53:48,2766,86,0,0,1,0,0,0,0,0,0,0,0,0,0,0,0
103866,2020-10-07 13:04:19,2821,86,0,0,1,0,0,0,0,0,0,0,0,0,0,0,0
103976,2020-10-07 13:50:08,3338,83,0,0,1,0,0,0,0,0,0,0,0,0,0,0,0
104012,2020-10-07 14:01:34,4180,83,0,0,1,0,0,0,0,0,0,0,0,0,0,0,0
104017,2020-10-07 14:07:21,4432,82,0,0,0,0,0,0,0,0,0,0,0,1,0,0,0
104035,2020-10-07 14:12:31,4439,82,0,1,0,1,0,0,0,0,0,0,0,0,0,0,0
104039,2020-10-07 14:16:22,4446,82,0,0,0,0,0,0,0,0,0,0,0,1,0,0,0
104085,2020-10-07 14:41:03,4453,82,0,0,1,0,0,0,0,0,0,0,0,0,0,0,0
104103,2020-10-07 14:52:58,4460,81,0,0,0,0,0,0,0,0,0,0,0,1,0,0,0
104203,2020-10-07 15:12:27,4501,81,0,0,1,0,0,0,0,0,0,0,0,0,0,0,0
104275,2020-10-07 15:40:08,4527,78,0,0,1,0,0,0,0,0,0,0,0,0,0,0,0
104290,2020-10-07 15:50:08,4534,78,0,0,1,0,0,0,0,0,0,0,0,0,0,0,0
104327,2020-10-07 16:10:07,4542,78,0,0,1,0,0,0,0,0,0,0,0,0,0,0,0
104367,2020-10-07 16:30:08,4558,77,0,0,1,0,0,0,0,0,0,0,0,0,0,0,0
104394,2020-10-07 16:43:33,4620,75,0,0,0,0,0,0,0,0,0,0,0,1,0,0,0
104497,2020-10-07 17:29:26,4638,74,0,0,0,0,0,0,0,0,0,0,0,0,0,1,0
104547,2020-10-07 17:40:09,4645,74,0,0,1,0,0,0,0,0,0,0,0,0,0,0,0
104577,2020-10-07 17:52:14,4664,74,0,0,1,0,0,0,0,0,0,0,0,0,0,0,0
104609,2020-10-07 18:00:06,4673,74,0,0,1,0,0,0,0,0,0,0,0,0,0,0,0
104679,2020-10-07 18:22:33,4684,73,0,0,1,0,0,0,0,0,0,0,0,0,0,0,0
104701,2020-10-07 18:31:44,4711,71,0,0,1,0,0,0,0,0,0,0,0,0,0,0,0
104715,2020-10-07 18:40:06,4720,72,0,0,1,0,0,0,0,0,0,0,0,0,0,0,0
104738,2020-10-07 18:52:03,4746,71,0,0,1,0,0,0,0,0,0,0,0,0,0,0,0
104915,2020-10-07 21:50:08,4754,66,0,0,1,0,0,0,0,0,0,0,0,0,0,0,0
104922,2020-10-07 22:00:07,4761,66,0,0,1,0,0,0,0,0,0,0,0,0,0,0,0
104931,2020-10-07 22:20:08,4770,64,0,0,1,0,0,0,0,0,0,0,0,0,0,0,0
105044,2020-10-08 06:19:27,7,99,0,0,0,0,1,0,0,0,0,0,0,0,0,0,0
105053,2020-10-08 06:30:07,29,99,0,0,1,0,0,0,0,0,0,0,0,0,0,0,0
105061,2020-10-08 06:40:06,275,99,0,0,1,0,0,0,0,0,0,0,0,0,0,0,0
105071,2020-10-08 06:50:06,445,99,0,0,1,0,0,0,0,0,0,0,0,0,0,0,0
105093,2020-10-08 07:10:05,467,98,0,0,1,0,0,0,0,0,0,0,0,0,0,0,0
105113,2020-10-08 07:20:23,474,98,0,0,1,0,0,0,0,0,0,0,0,0,0,0,0
105127,2020-10-08 07:31:42,497,98,0,0,1,0,0,0,0,0,0,0,0,0,0,0,0
105200,2020-10-08 07:56:48,505,96,0,0,0,0,0,0,0,0,0,0,0,1,0,0,0
105267,2020-10-08 08:27:20,618,95,0,0,0,0,0,0,0,0,0,0,0,1,0,0,0
105364,2020-10-08 08:50:04,680,93,0,0,1,0,0,0,0,0,0,0,0,0,0,0,0
105390,2020-10-08 08:55:28,705,93,0,1,0,1,0,0,0,0,0,0,0,0,0,0,0
105435,2020-10-08 09:09:57,766,93,0,0,0,0,0,0,0,0,0,0,0,1,0,0,0
105469,2020-10-08 09:15:55,780,92,0,0,0,0,1,0,0,0,0,0,0,0,0,0,0
105492,2020-10-08 09:23:08,814,92,0,1,0,1,0,0,0,0,0,0,0,0,0,0,0
105495,2020-10-08 09:24:52,848,92,0,0,0,0,0,0,0,0,0,0,0,1,0,0,0
105553,2020-10-08 09:40:18,1789,91,0,0,1,0,0,0,0,0,0,0,0,0,0,0,0
105584,2020-10-08 09:50:29,2576,91,0,0,0,0,0,0,0,0,0,0,0,0,1,0,0
105586,2020-10-08 09:50:38,2590,91,0,0,0,0,0,0,0,0,0,0,0,0,1,0,0
105590,2020-10-08 09:50:48,2604,92,0,0,0,0,0,0,0,0,0,0,0,0,1,0,0
105591,2020-10-08 09:50:57,2618,91,0,0,0,0,0,0,0,0,0,0,0,0,1,0,0
105592,2020-10-08 09:51:07,2632,91,0,0,0,0,0,0,0,0,0,0,0,0,1,0,0
105595,2020-10-08 09:51:17,2646,91,0,0,0,0,0,0,0,0,0,0,0,0,1,0,0
105597,2020-10-08 09:51:27,2660,91,0,0,0,0,0,0,0,0,0,0,0,0,1,0,0
105599,2020-10-08 09:51:37,2674,91,0,0,0,0,0,0,0,0,0,0,0,0,1,0,0
105601,2020-10-08 09:51:57,2687,90,0,0,0,0,0,0,0,0,0,0,0,0,1,0,0
105619,2020-10-08 10:00:42,2815,91,0,0,1,0,0,0,0,0,0,0,0,0,0,0,0
105659,2020-10-08 10:11:44,2843,90,0,0,1,0,0,0,0,0,0,0,0,0,0,0,0
105724,2020-10-08 10:30:07,2859,89,0,0,1,0,0,0,0,0,0,0,0,0,0,0,0
105799,2020-10-08 10:52:03,3326,89,0,0,1,0,0,0,0,0,0,0,0,0,0,0,0
105925,2020-10-08 11:20:05,3469,86,0,0,1,0,0,0,0,0,0,0,0,0,0,0,0
106325,2020-10-08 13:40:06,4145,82,0,0,1,0,0,0,0,0,0,0,0,0,0,0,0
106336,2020-10-08 13:42:27,4400,82,0,0,0,0,0,0,0,0,0,0,0,0,1,0,0
106337,2020-10-08 13:42:37,4419,82,0,0,0,0,0,0,0,0,0,0,0,0,1,0,0
106338,2020-10-08 13:42:46,4438,82,0,0,0,0,0,0,0,0,0,0,0,0,1,0,0
106339,2020-10-08 13:42:56,4455,82,0,0,0,0,0,0,0,0,0,0,0,0,1,0,0
106341,2020-10-08 13:43:06,4474,82,0,0,0,0,0,0,0,0,0,0,0,0,1,0,0
106342,2020-10-08 13:43:16,4495,83,0,0,0,0,0,0,0,0,0,0,0,0,1,0,0
106343,2020-10-08 13:43:26,4516,82,0,0,0,0,0,0,0,0,0,0,0,0,1,0,0
106344,2020-10-08 13:43:36,4536,83,0,0,0,0,0,0,0,0,0,0,0,0,1,0,0
106345,2020-10-08 13:43:47,4560,82,0,0,0,0,0,0,0,0,0,0,0,0,1,0,0
106346,2020-10-08 13:43:58,4581,82,0,0,0,0,0,0,0,0,0,0,0,0,1,0,0
106347,2020-10-08 13:44:07,4597,82,0,0,0,0,0,0,0,0,0,0,0,0,1,0,0
106348,2020-10-08 13:44:18,4620,82,0,0,0,0,0,0,0,0,0,0,0,0,1,0,0
106349,2020-10-08 13:44:28,4637,82,0,0,0,0,0,0,0,0,0,0,0,0,1,0,0
106350,2020-10-08 13:44:39,4656,83,0,0,0,0,0,0,0,0,0,0,0,0,1,0,0
106351,2020-10-08 13:44:50,4676,81,0,0,0,0,0,0,0,0,0,0,0,0,1,0,0
106360,2020-10-08 13:48:21,5054,82,0,0,0,0,0,0,0,0,0,0,0,0,1,0,0
106361,2020-10-08 13:48:31,5071,81,0,0,0,0,0,0,0,0,0,0,0,0,1,0,0
106407,2020-10-08 14:02:03,6271,82,0,0,1,0,0,0,0,0,0,0,0,0,0,0,0
106433,2020-10-08 14:11:02,6560,80,0,1,0,1,0,0,0,0,0,0,0,0,0,0,0
106436,2020-10-08 14:12:42,6567,81,0,0,1,0,0,0,0,0,0,0,0,0,0,0,0
106450,2020-10-08 14:20:07,6581,81,0,0,1,0,0,0,0,0,0,0,0,0,0,0,0
106461,2020-10-08 14:25:20,6592,80,0,1,0,1,0,0,0,0,0,0,0,0,0,0,0
106470,2020-10-08 14:30:07,6608,80,0,0,1,0,0,0,0,0,0,0,0,0,0,0,0
106494,2020-10-08 14:35:39,6618,79,0,0,0,0,0,0,0,0,0,0,0,1,0,0,0
106582,2020-10-08 15:06:51,6639,78,0,0,0,0,0,0,0,0,0,0,0,1,0,0,0
106629,2020-10-08 15:24:02,6647,77,0,0,0,0,0,1,0,0,0,0,0,0,0,0,0
106686,2020-10-08 15:41:42,6654,77,0,0,1,0,0,0,0,0,0,0,0,0,0,0,0
106792,2020-10-08 16:10:07,6676,76,0,0,1,0,0,0,0,0,0,0,0,0,0,0,0
106813,2020-10-08 16:14:11,6688,77,0,0,0,0,0,0,0,0,0,0,0,1,0,0,0
106834,2020-10-08 16:20:07,6696,76,0,0,1,0,0,0,0,0,0,0,0,0,0,0,0
106958,2020-10-08 16:51:59,6792,75,0,0,0,0,0,0,0,0,0,0,0,1,0,0,0
106981,2020-10-08 17:01:12,7069,75,0,0,1,0,0,0,0,0,0,0,0,0,0,0,0
106985,2020-10-08 17:03:55,7078,74,0,0,0,0,1,0,0,0,0,0,0,0,0,0,0
107144,2020-10-08 17:42:10,7311,73,0,0,1,0,0,0,0,0,0,0,0,0,0,0,0
107153,2020-10-08 17:45:58,7335,73,0,1,0,1,0,0,0,0,0,0,0,0,0,0,0
107219,2020-10-08 18:20:07,7342,71,0,0,1,0,0,0,0,0,0,0,0,0,0,0,0
107286,2020-10-08 19:03:29,7370,70,0,0,0,0,0,0,0,0,0,0,0,1,0,0,0
107316,2020-10-08 19:17:47,7476,68,0,0,0,0,0,0,0,0,0,0,0,1,0,0,0
107387,2020-10-08 20:00:06,7484,67,0,0,1,0,0,0,0,0,0,0,0,0,0,0,0
107409,2020-10-08 20:20:05,7491,67,0,0,1,0,0,0,0,0,0,0,0,0,0,0,0
107424,2020-10-08 20:30:08,7583,67,0,0,1,0,0,0,0,0,0,0,0,0,0,0,0
107433,2020-10-08 20:40:07,7593,66,0,0,1,0,0,0,0,0,0,0,0,0,0,0,0
107518,2020-10-08 21:50:07,7666,99,0,0,1,0,0,0,0,0,0,0,0,0,0,0,0
107531,2020-10-08 22:00:07,7729,99,0,0,1,0,0,0,0,0,0,0,0,0,0,0,0
107539,2020-10-08 22:10:07,7803,99,0,0,1,0,0,0,0,0,0,0,0,0,0,0,0
107553,2020-10-08 22:30:08,7834,98,0,0,1,0,0,0,0,0,0,0,0,0,0,0,0
107664,2020-10-09 05:13:29,17,81,0,1,0,1,0,0,0,0,0,0,0,0,0,0,0
107675,2020-10-09 05:30:05,24,81,0,0,1,0,0,0,0,0,0,0,0,0,0,0,0
107683,2020-10-09 05:50:05,41,80,0,0,1,0,0,0,0,0,0,0,0,0,0,0,0
107691,2020-10-09 06:00:07,48,79,0,0,1,0,0,0,0,0,0,0,0,0,0,0,0
107700,2020-10-09 06:20:08,57,78,0,0,1,0,0,0,0,0,0,0,0,0,0,0,0
107710,2020-10-09 06:40:06,80,78,0,0,1,0,0,0,0,0,0,0,0,0,0,0,0
107742,2020-10-09 07:17:21,89,76,0,0,0,0,0,0,0,0,0,0,0,1,0,0,0
107758,2020-10-09 07:30:04,101,76,0,0,1,0,0,0,0,0,0,0,0,0,0,0,0
107863,2020-10-09 08:30:40,134,73,0,0,0,0,0,0,0,0,0,0,0,1,0,0,0
107890,2020-10-09 08:40:07,152,74,0,0,1,0,0,0,0,0,0,0,0,0,0,0,0
107940,2020-10-09 09:06:11,159,71,0,1,0,1,0,0,0,0,0,0,0,0,0,0,0
107941,2020-10-09 09:07:18,178,72,0,1,0,1,0,0,0,0,0,0,0,0,0,0,0
107958,2020-10-09 09:16:23,197,71,0,1,0,1,0,0,0,0,0,0,0,0,0,0,0
107959,2020-10-09 09:18:38,219,72,0,0,0,0,0,0,0,0,0,0,0,1,0,0,0
107974,2020-10-09 09:28:28,234,71,0,0,0,0,0,0,0,0,0,0,0,1,0,0,0
107997,2020-10-09 09:40:07,243,71,0,0,1,0,0,0,0,0,0,0,0,0,0,0,0
108013,2020-10-09 09:50:06,257,69,0,0,1,0,0,0,0,0,0,0,0,0,0,0,0
108062,2020-10-09 10:12:21,291,69,0,0,0,0,0,0,0,0,0,0,0,1,0,0,0
108155,2020-10-09 11:09:51,480,67,0,0,0,0,0,0,0,0,0,0,0,0,0,0,1
108202,2020-10-09 11:30:07,660,68,0,0,1,0,0,0,0,0,0,0,0,0,0,0,0
108269,2020-10-09 11:50:05,791,66,0,0,1,0,0,0,0,0,0,0,0,0,0,0,0
108299,2020-10-09 12:00:09,918,67,0,0,1,0,0,0,0,0,0,0,0,0,0,0,0
108346,2020-10-09 12:13:33,1045,66,0,0,1,0,0,0,0,0,0,0,0,0,0,0,0
108352,2020-10-09 12:16:44,1091,66,0,0,0,0,0,0,0,0,0,0,0,0,1,0,0
108353,2020-10-09 12:16:54,1103,66,0,0,0,0,0,0,0,0,0,0,0,0,1,0,0
108355,2020-10-09 12:17:03,1113,66,0,0,0,0,0,0,0,0,0,0,0,0,1,0,0
108357,2020-10-09 12:17:13,1123,66,0,0,0,0,0,0,0,0,0,0,0,0,1,0,0
108359,2020-10-09 12:17:23,1131,66,0,0,0,0,0,0,0,0,0,0,0,0,1,0,0
108360,2020-10-09 12:17:33,1142,66,0,0,0,0,0,0,0,0,0,0,0,0,1,0,0
108380,2020-10-09 12:20:08,1195,66,0,0,1,0,0,0,0,0,0,0,0,0,0,0,0
108407,2020-10-09 12:30:07,1232,65,0,0,1,0,0,0,0,0,0,0,0,0,0,0,0
108508,2020-10-09 13:13:11,1239,64,0,0,1,0,0,0,0,0,0,0,0,0,0,0,0
108555,2020-10-09 13:32:17,1247,63,0,0,1,0,0,0,0,0,0,0,0,0,0,0,0
108665,2020-10-09 14:20:07,1278,61,0,0,1,0,0,0,0,0,0,0,0,0,0,0,0
108672,2020-10-09 14:21:21,1286,62,0,0,0,0,1,0,0,0,0,0,0,0,0,0,0
108706,2020-10-09 14:36:04,1295,61,0,0,0,0,1,0,0,0,0,0,0,0,0,0,0
108748,2020-10-09 14:53:07,1419,60,0,0,0,0,0,0,0,0,0,0,0,0,1,0,0
108749,2020-10-09 14:53:17,1430,60,0,0,0,0,0,0,0,0,0,0,0,0,1,0,0
108750,2020-10-09 14:53:27,1444,60,0,0,0,0,0,0,0,0,0,0,0,0,1,0,0
108751,2020-10-09 14:53:37,1457,60,0,0,0,0,0,0,0,0,0,0,0,0,1,0,0
108752,2020-10-09 14:53:47,1467,60,0,0,0,0,0,0,0,0,0,0,0,0,1,0,0
108762,2020-10-09 15:00:06,1553,60,0,0,1,0,0,0,0,0,0,0,0,0,0,0,0
108777,2020-10-09 15:04:23,1623,59,0,0,0,0,1,0,0,0,0,0,0,0,0,0,0
108817,2020-10-09 15:25:55,1635,59,0,0,0,0,0,0,0,0,0,0,0,1,0,0,0
108878,2020-10-09 15:40:07,1671,59,0,0,1,0,0,0,0,0,0,0,0,0,0,0,0
108982,2020-10-09 16:11:44,1805,57,0,0,1,0,0,0,0,0,0,0,0,0,0,0,0
109009,2020-10-09 16:20:05,1831,58,0,0,1,0,0,0,0,0,0,0,0,0,0,0,0
109031,2020-10-09 16:27:31,1840,57,0,0,0,0,0,0,0,0,0,0,0,1,0,0,0
109045,2020-10-09 16:33:48,1847,57,0,0,0,0,0,0,0,0,0,0,0,1,0,0,0
109163,2020-10-09 17:25:12,1909,55,0,0,0,0,0,0,0,0,0,0,0,1,0,0,0
109191,2020-10-09 17:40:06,1917,55,0,0,1,0,0,0,0,0,0,0,0,0,0,0,0
109221,2020-10-09 17:50:07,1939,55,0,0,1,0,0,0,0,0,0,0,0,0,0,0,0
109239,2020-10-09 17:56:47,1959,55,0,0,0,0,0,0,0,0,0,0,0,1,0,0,0
109309,2020-10-09 18:20:06,1996,53,0,0,1,0,0,0,0,0,0,0,0,0,0,0,0
109376,2020-10-09 18:47:26,2132,53,0,0,0,0,0,0,0,0,0,0,0,1,0,0,0
109444,2020-10-09 19:21:43,2151,51,0,1,0,1,0,0,0,0,0,0,0,0,0,0,0
109447,2020-10-09 19:26:11,2159,51,0,1,0,1,0,0,0,0,0,0,0,0,0,0,0
109448,2020-10-09 19:28:37,2192,50,0,1,0,1,0,0,0,0,0,0,0,0,0,0,0
109549,2020-10-09 20:59:17,2199,49,0,0,0,0,0,0,0,0,0,0,0,1,0,0,0
109558,2020-10-09 21:00:12,2206,49,0,0,1,0,0,0,0,0,0,0,0,0,0,0,0
109560,2020-10-09 21:07:27,2221,49,0,0,0,0,1,0,0,0,0,0,0,0,0,0,0
109574,2020-10-09 21:19:58,2229,48,0,0,0,0,0,1,0,0,0,0,0,0,0,0,0
109628,2020-10-09 22:40:06,2237,80,0,0,1,0,0,0,0,0,0,0,0,0,0,0,0
109654,2020-10-09 23:20:07,2267,79,0,0,1,0,0,0,0,0,0,0,0,0,0,0,0
109674,2020-10-10 00:30:07,7,77,0,0,1,0,0,0,0,0,0,0,0,0,0,0,0
109676,2020-10-10 00:40:07,18,75,0,0,1,0,0,0,0,0,0,0,0,0,0,0,0
109678,2020-10-10 00:50:07,44,75,0,0,1,0,0,0,0,0,0,0,0,0,0,0,0
109683,2020-10-10 01:40:05,72,74,0,0,1,0,0,0,0,0,0,0,0,0,0,0,0
109690,2020-10-10 02:20:05,114,72,0,0,1,0,0,0,0,0,0,0,0,0,0,0,0
109694,2020-10-10 02:30:05,133,70,0,0,1,0,0,0,0,0,0,0,0,0,0,0,0
109699,2020-10-10 02:50:06,145,70,0,0,1,0,0,0,0,0,0,0,0,0,0,0,0
109726,2020-10-10 04:40:07,174,66,0,0,1,0,0,0,0,0,0,0,0,0,0,0,0
109728,2020-10-10 05:00:06,196,66,0,0,1,0,0,0,0,0,0,0,0,0,0,0,0
109785,2020-10-10 06:20:07,212,64,0,0,1,0,0,0,0,0,0,0,0,0,0,0,0
109788,2020-10-10 06:24:24,219,63,0,1,0,1,0,0,0,0,0,0,0,0,0,0,0
109796,2020-10-10 06:30:06,231,63,0,0,0,0,1,0,0,0,0,0,0,0,0,0,0
109805,2020-10-10 06:40:07,547,63,0,0,1,0,0,0,0,0,0,0,0,0,0,0,0
109816,2020-10-10 06:50:04,642,63,0,0,1,0,0,0,0,0,0,0,0,0,0,0,0
109876,2020-10-10 07:20:06,683,62,0,0,1,0,0,0,0,0,0,0,0,0,0,0,0
109981,2020-10-10 08:08:50,690,59,0,1,0,1,0,0,0,0,0,0,0,0,0,0,0
110011,2020-10-10 08:29:26,699,59,0,0,0,0,0,0,0,0,0,0,0,1,0,0,0
110132,2020-10-10 09:39:37,714,57,0,0,0,0,0,0,0,0,0,0,0,1,0,0,0
110186,2020-10-10 10:05:15,743,56,0,0,0,0,1,0,0,0,0,0,0,0,0,0,0
110221,2020-10-10 10:22:03,814,56,0,0,1,0,0,0,0,0,0,0,0,0,0,0,0
110233,2020-10-10 10:32:51,829,55,0,0,1,0,0,0,0,0,0,0,0,0,0,0,0
110250,2020-10-10 10:43:41,1053,55,0,0,1,0,0,0,0,0,0,0,0,0,0,0,0
110268,2020-10-10 10:53:46,1099,54,0,1,0,1,0,0,0,0,0,0,0,0,0,0,0
110286,2020-10-10 11:00:05,1253,55,0,0,1,0,0,0,0,0,0,0,0,0,0,0,0
110334,2020-10-10 11:20:05,1316,53,0,0,1,0,0,0,0,0,0,0,0,0,0,0,0
110387,2020-10-10 11:38:36,1398,52,0,0,0,0,0,0,0,0,0,0,0,1,0,0,0
110416,2020-10-10 11:50:05,1412,52,0,0,1,0,0,0,0,0,0,0,0,0,0,0,0
110449,2020-10-10 12:05:02,1419,51,0,0,0,0,0,0,0,0,0,0,0,1,0,0,0
110470,2020-10-10 12:18:32,1446,51,0,0,0,0,0,0,0,0,0,0,0,1,0,0,0
110498,2020-10-10 12:29:30,1483,50,0,0,0,0,1,0,0,0,0,0,0,0,0,0,0
110507,2020-10-10 12:30:05,1500,50,0,0,1,0,0,0,0,0,0,0,0,0,0,0,0
110539,2020-10-10 12:40:06,1703,51,0,0,1,0,0,0,0,0,0,0,0,0,0,0,0
110571,2020-10-10 12:50:07,2143,50,0,0,1,0,0,0,0,0,0,0,0,0,0,0,0
110610,2020-10-10 13:00:06,2168,50,0,0,1,0,0,0,0,0,0,0,0,0,0,0,0
110754,2020-10-10 13:44:11,2217,49,0,0,0,0,0,0,0,0,0,0,0,0,1,0,0
110804,2020-10-10 14:00:06,2290,49,0,0,1,0,0,0,0,0,0,0,0,0,0,0,0
110925,2020-10-10 14:40:06,2321,47,0,0,1,0,0,0,0,0,0,0,0,0,0,0,0
110971,2020-10-10 14:50:06,2329,47,0,0,1,0,0,0,0,0,0,0,0,0,0,0,0
111019,2020-10-10 15:00:06,2336,47,0,0,1,0,0,0,0,0,0,0,0,0,0,0,0
111081,2020-10-10 15:20:05,2346,47,0,0,1,0,0,0,0,0,0,0,0,0,0,0,0
111107,2020-10-10 15:30:04,2354,46,0,0,1,0,0,0,0,0,0,0,0,0,0,0,0
111133,2020-10-10 15:40:11,2361,46,0,0,1,0,0,0,0,0,0,0,0,0,0,0,0
111204,2020-10-10 16:10:06,2377,45,0,0,1,0,0,0,0,0,0,0,0,0,0,0,0
111300,2020-10-10 16:50:06,2385,43,0,0,1,0,0,0,0,0,0,0,0,0,0,0,0
111334,2020-10-10 17:00:05,2392,44,0,0,1,0,0,0,0,0,0,0,0,0,0,0,0
111356,2020-10-10 17:10:04,2407,44,0,0,1,0,0,0,0,0,0,0,0,0,0,0,0
111389,2020-10-10 17:20:11,2436,43,0,0,1,0,0,0,0,0,0,0,0,0,0,0,0
111587,2020-10-10 18:40:12,2443,41,0,0,1,0,0,0,0,0,0,0,0,0,0,0,0
111604,2020-10-10 18:50:11,2450,41,0,0,1,0,0,0,0,0,0,0,0,0,0,0,0
111606,2020-10-10 18:52:06,2466,39,0,0,0,0,1,0,0,0,0,0,0,0,0,0,0
111618,2020-10-10 18:56:41,2509,40,0,1,0,1,0,0,0,0,0,0,0,0,0,0,0
111636,2020-10-10 19:00:10,2528,41,0,0,1,0,0,0,0,0,0,0,0,0,0,0,0
111673,2020-10-10 19:23:20,2590,39,0,0,0,0,0,0,0,0,0,0,0,0,0,0,1
111696,2020-10-10 19:40:16,2600,39,0,0,1,0,0,0,0,0,0,0,0,0,0,0,0
111783,2020-10-10 20:30:11,2609,38,0,0,1,0,0,0,0,0,0,0,0,0,0,0,0
111792,2020-10-10 20:40:38,2740,37,0,0,0,0,0,0,0,0,0,0,0,1,0,0,0
111815,2020-10-10 21:00:05,2754,37,0,0,1,0,0,0,0,0,0,0,0,0,0,0,0
111835,2020-10-10 21:23:44,2769,36,0,0,0,0,0,0,0,0,0,0,0,1,0,0,0
111854,2020-10-10 21:40:04,2776,36,0,0,1,0,0,0,0,0,0,0,0,0,0,0,0
111901,2020-10-10 23:00:04,2793,81,0,0,1,0,0,0,0,0,0,0,0,0,0,0,0
111905,2020-10-10 23:10:06,2817,80,0,0,1,0,0,0,0,0,0,0,0,0,0,0,0
111922,2020-10-10 23:40:06,2824,80,0,0,1,0,0,0,0,0,0,0,0,0,0,0,0
111929,2020-10-10 23:50:07,2850,78,0,0,1,0,0,0,0,0,0,0,0,0,0,0,0
111937,2020-10-11 00:10:05,36,79,0,0,1,0,0,0,0,0,0,0,0,0,0,0,0
111941,2020-10-11 00:20:04,85,78,0,0,1,0,0,0,0,0,0,0,0,0,0,0,0
111948,2020-10-11 00:50:05,114,77,0,0,1,0,0,0,0,0,0,0,0,0,0,0,0
111964,2020-10-11 02:10:04,171,73,0,0,1,0,0,0,0,0,0,0,0,0,0,0,0
111994,2020-10-11 04:50:06,196,66,0,0,1,0,0,0,0,0,0,0,0,0,0,0,0
112008,2020-10-11 05:30:05,208,65,0,0,1,0,0,0,0,0,0,0,0,0,0,0,0
112013,2020-10-11 05:40:05,215,66,0,0,1,0,0,0,0,0,0,0,0,0,0,0,0
112024,2020-10-11 06:17:29,222,63,0,0,0,0,1,0,0,0,0,0,0,0,0,0,0
112028,2020-10-11 06:20:05,253,65,0,0,1,0,0,0,0,0,0,0,0,0,0,0,0
112040,2020-10-11 06:31:47,357,63,0,0,0,0,0,0,0,0,0,0,0,0,1,0,0
112199,2020-10-11 08:03:41,517,61,0,0,1,0,0,0,0,0,0,0,0,0,0,0,0
112256,2020-10-11 08:27:09,685,60,0,0,0,0,0,0,0,0,0,0,0,0,0,1,0
112259,2020-10-11 08:28:22,692,59,0,0,0,0,1,0,0,0,0,0,0,0,0,0,0
112270,2020-10-11 08:30:11,719,60,0,0,1,0,0,0,0,0,0,0,0,0,0,0,0
112286,2020-10-11 08:40:06,877,60,0,0,1,0,0,0,0,0,0,0,0,0,0,0,0
112301,2020-10-11 08:50:04,947,60,0,0,1,0,0,0,0,0,0,0,0,0,0,0,0
112321,2020-10-11 09:00:07,1400,59,0,0,1,0,0,0,0,0,0,0,0,0,0,0,0
112327,2020-10-11 09:01:56,1592,60,0,0,0,0,0,1,0,0,0,0,0,0,0,0,0
112328,2020-10-11 09:01:58,1594,59,0,0,0,0,0,0,1,0,0,0,0,0,0,0,0
112329,2020-10-11 09:02:00,1597,60,0,0,0,0,0,0,0,1,0,0,0,0,0,0,0
112330,2020-10-11 09:02:02,1599,59,0,0,0,0,0,0,0,0,1,0,0,0,0,0,0
112331,2020-10-11 09:02:05,1605,59,0,0,0,0,1,0,0,0,0,0,0,0,0,0,0
112346,2020-10-11 09:10:59,2183,60,0,0,0,0,0,0,0,0,0,0,0,0,1,0,0
112347,2020-10-11 09:11:09,2192,60,0,0,0,0,0,0,0,0,0,0,0,0,1,0,0
112348,2020-10-11 09:11:19,2211,60,0,0,0,0,0,0,0,0,0,0,0,0,1,0,0
112357,2020-10-11 09:16:17,2360,58,0,0,0,0,0,0,0,0,0,0,0,0,1,0,0
112366,2020-10-11 09:20:04,2387,60,0,0,1,0,0,0,0,0,0,0,0,0,0,0,0
112487,2020-10-11 10:35:12,2464,56,0,0,0,0,0,0,0,0,0,0,0,0,1,0,0
112488,2020-10-11 10:35:32,2485,55,0,0,0,0,0,0,0,0,0,0,0,0,1,0,0
112504,2020-10-11 10:41:46,3031,57,0,0,1,0,0,0,0,0,0,0,0,0,0,0,0
112523,2020-10-11 10:50:33,3460,55,0,0,1,0,0,0,0,0,0,0,0,0,0,0,0
112524,2020-10-11 10:51:35,3506,55,0,0,0,0,1,0,0,0,0,0,0,0,0,0,0
112544,2020-10-11 11:08:41,3517,53,0,1,0,1,0,0,0,0,0,0,0,0,0,0,0
112547,2020-10-11 11:09:37,3524,55,0,1,0,1,0,0,0,0,0,0,0,0,0,0,0
112554,2020-10-11 11:10:07,3539,56,0,0,1,0,0,0,0,0,0,0,0,0,0,0,0
112569,2020-10-11 11:20:06,3546,55,0,0,1,0,0,0,0,0,0,0,0,0,0,0,0
112635,2020-10-11 11:50:08,3565,53,0,0,1,0,0,0,0,0,0,0,0,0,0,0,0
112640,2020-10-11 11:52:23,3572,53,0,0,0,0,0,0,0,0,0,0,0,1,0,0,0
112646,2020-10-11 11:57:20,3579,51,0,0,0,0,0,0,0,0,0,0,0,1,0,0,0
112678,2020-10-11 12:16:56,3597,51,0,0,0,0,0,0,0,0,0,0,0,1,0,0,0
112717,2020-10-11 12:36:00,3782,52,0,0,0,0,0,0,0,0,0,0,0,1,0,0,0
112755,2020-10-11 12:52:18,3799,51,0,0,0,0,0,0,0,0,0,0,0,1,0,0,0
112793,2020-10-11 13:12:02,4088,50,0,0,1,0,0,0,0,0,0,0,0,0,0,0,0
112798,2020-10-11 13:14:18,4217,50,0,0,0,0,0,0,0,0,0,0,0,0,1,0,0
112799,2020-10-11 13:14:29,4225,51,0,0,0,0,0,0,0,0,0,0,0,0,1,0,0
112800,2020-10-11 13:14:39,4232,51,0,0,0,0,0,0,0,0,0,0,0,0,1,0,0
112847,2020-10-11 13:40:10,4242,50,0,0,1,0,0,0,0,0,0,0,0,0,0,0,0
112903,2020-10-11 14:07:26,4258,50,0,0,0,0,0,0,0,0,0,0,0,0,1,0,0
112904,2020-10-11 14:07:35,4279,50,0,0,0,0,0,0,0,0,0,0,0,0,1,0,0
112905,2020-10-11 14:07:45,4296,49,0,0,0,0,0,0,0,0,0,0,0,0,1,0,0
112906,2020-10-11 14:07:55,4313,49,0,0,0,0,0,0,0,0,0,0,0,0,1,0,0
112907,2020-10-11 14:08:04,4330,50,0,0,0,0,0,0,0,0,0,0,0,0,1,0,0
112915,2020-10-11 14:10:07,4542,50,0,0,1,0,0,0,0,0,0,0,0,0,0,0,0
112938,2020-10-11 14:20:08,5490,49,0,0,1,0,0,0,0,0,0,0,0,0,0,0,0
112958,2020-10-11 14:30:18,6068,48,0,0,1,0,0,0,0,0,0,0,0,0,0,0,0
112974,2020-10-11 14:41:07,6962,50,0,0,0,0,0,0,0,0,0,0,0,0,1,0,0
112999,2020-10-11 14:51:22,7714,49,0,0,1,0,0,0,0,0,0,0,0,0,0,0,0
113014,2020-10-11 15:01:26,8263,47,0,0,1,0,0,0,0,0,0,0,0,0,0,0,0
113029,2020-10-11 15:12:23,9027,49,0,0,1,0,0,0,0,0,0,0,0,0,0,0,0
113045,2020-10-11 15:20:17,9542,48,0,0,0,0,0,1,0,0,0,0,0,0,0,0,0
113049,2020-10-11 15:22:28,9782,47,0,0,1,0,0,0,0,0,0,0,0,0,0,0,0
113074,2020-10-11 15:33:13,10886,48,0,0,1,0,0,0,0,0,0,0,0,0,0,0,0
113121,2020-10-11 15:52:48,12200,46,0,0,0,0,0,0,0,0,0,0,0,0,1,0,0
113122,2020-10-11 15:52:58,12215,47,0,0,0,0,0,0,0,0,0,0,0,0,1,0,0
113123,2020-10-11 15:53:07,12233,47,0,0,0,0,0,0,0,0,0,0,0,0,1,0,0
113124,2020-10-11 15:53:17,12250,47,0,0,0,0,0,0,0,0,0,0,0,0,1,0,0
113125,2020-10-11 15:53:26,12267,46,0,0,0,0,0,0,0,0,0,0,0,0,1,0,0
113132,2020-10-11 15:57:34,12405,46,0,0,0,0,0,0,0,0,0,0,0,0,1,0,0
113134,2020-10-11 15:57:44,12412,47,0,0,0,0,0,0,0,0,0,0,0,0,1,0,0
113137,2020-10-11 15:58:23,12427,45,0,0,0,0,0,0,0,0,0,0,0,0,1,0,0
113138,2020-10-11 15:58:33,12445,46,0,0,0,0,0,0,0,0,0,0,0,0,1,0,0
113139,2020-10-11 15:58:43,12463,46,0,0,0,0,0,0,0,0,0,0,0,0,1,0,0
113154,2020-10-11 16:01:04,12692,48,0,0,1,0,0,0,0,0,0,0,0,0,0,0,0
113174,2020-10-11 16:11:08,13375,47,0,0,1,0,0,0,0,0,0,0,0,0,0,0,0
113202,2020-10-11 16:30:24,15181,46,0,0,0,0,1,0,0,0,0,0,0,0,0,0,0
113203,2020-10-11 16:30:25,15183,46,0,0,0,0,0,1,0,0,0,0,0,0,0,0,0
113204,2020-10-11 16:30:29,15187,46,0,0,0,0,1,0,0,0,0,0,0,0,0,0,0
113205,2020-10-11 16:32:04,15364,46,0,0,1,0,0,0,0,0,0,0,0,0,0,0,0
113233,2020-10-11 16:47:53,16826,45,0,0,0,0,1,0,0,0,0,0,0,0,0,0,0
113246,2020-10-11 16:51:59,16961,45,0,0,1,0,0,0,0,0,0,0,0,0,0,0,0
113268,2020-10-11 17:08:06,16994,44,0,0,0,0,0,0,0,0,0,0,0,1,0,0,0
113364,2020-10-11 17:42:48,17156,42,0,1,0,1,0,0,0,0,0,0,0,0,0,0,0
113384,2020-10-11 17:50:08,17178,43,0,0,1,0,0,0,0,0,0,0,0,0,0,0,0
113392,2020-10-11 17:51:41,17185,43,0,0,0,0,0,0,0,0,0,0,0,1,0,0,0
113429,2020-10-11 18:11:29,17205,42,0,0,0,0,0,0,0,0,0,0,0,1,0,0,0
113464,2020-10-11 18:30:09,17233,42,0,0,1,0,0,0,0,0,0,0,0,0,0,0,0
113592,2020-10-11 19:40:07,17254,40,0,0,1,0,0,0,0,0,0,0,0,0,0,0,0
113665,2020-10-11 20:58:03,17263,37,0,0,0,0,1,0,0,0,0,0,0,0,0,0,0
113732,2020-10-11 22:09:34,17308,97,0,0,0,0,1,0,0,0,0,0,0,0,0,0,0
113739,2020-10-11 22:30:08,17497,96,0,0,1,0,0,0,0,0,0,0,0,0,0,0,0
113741,2020-10-11 22:40:07,17527,95,0,0,1,0,0,0,0,0,0,0,0,0,0,0,0
113840,2020-10-12 05:14:18,16,78,0,0,0,0,1,0,0,0,0,0,0,0,0,0,0
113841,2020-10-12 05:16:33,25,78,0,0,0,0,1,0,0,0,0,0,0,0,0,0,0
113854,2020-10-12 05:30:10,87,79,0,0,1,0,0,0,0,0,0,0,0,0,0,0,0
113863,2020-10-12 05:40:09,108,77,0,0,1,0,0,0,0,0,0,0,0,0,0,0,0
113893,2020-10-12 06:30:08,135,76,0,0,1,0,0,0,0,0,0,0,0,0,0,0,0
113905,2020-10-12 06:40:07,186,75,0,0,1,0,0,0,0,0,0,0,0,0,0,0,0
113939,2020-10-12 07:20:06,193,75,0,0,1,0,0,0,0,0,0,0,0,0,0,0,0
113971,2020-10-12 07:40:08,206,73,0,0,1,0,0,0,0,0,0,0,0,0,0,0,0
114087,2020-10-12 08:30:07,237,72,0,0,1,0,0,0,0,0,0,0,0,0,0,0,0
114103,2020-10-12 08:36:21,255,72,0,0,0,0,0,0,0,0,0,0,0,1,0,0,0
114160,2020-10-12 09:01:49,359,71,0,1,0,1,0,0,0,0,0,0,0,0,0,0,0
114194,2020-10-12 09:20:08,366,69,0,0,1,0,0,0,0,0,0,0,0,0,0,0,0
114212,2020-10-12 09:30:08,376,70,0,0,1,0,0,0,0,0,0,0,0,0,0,0,0
114252,2020-10-12 09:50:06,406,68,0,0,1,0,0,0,0,0,0,0,0,0,0,0,0
114272,2020-10-12 09:57:04,413,68,0,0,0,0,0,0,0,0,0,0,0,1,0,0,0
114301,2020-10-12 10:03:44,442,68,0,1,0,1,0,0,0,0,0,0,0,0,0,0,0
114341,2020-10-12 10:16:52,610,67,0,1,0,1,0,0,0,0,0,0,0,0,0,0,0
114343,2020-10-12 10:19:02,619,68,0,0,0,0,0,0,0,0,0,0,0,1,0,0,0
114586,2020-10-12 11:20:12,1084,66,0,0,0,0,0,0,0,0,0,0,0,1,0,0,0
114635,2020-10-12 11:30:08,1191,66,0,0,1,0,0,0,0,0,0,0,0,0,0,0,0
114649,2020-10-12 11:36:11,1602,66,0,0,0,0,1,0,0,0,0,0,0,0,0,0,0
114670,2020-10-12 11:40:09,1625,66,0,0,1,0,0,0,0,0,0,0,0,0,0,0,0
114696,2020-10-12 11:46:49,1651,66,0,0,0,0,0,0,0,0,0,0,0,0,1,0,0
114702,2020-10-12 11:48:37,1685,65,0,0,0,0,0,0,0,0,0,0,0,0,1,0,0
114705,2020-10-12 11:49:29,1697,66,0,0,0,0,0,0,0,0,0,0,0,0,1,0,0
114723,2020-10-12 11:51:17,1704,65,0,0,0,0,0,0,0,0,0,0,0,0,1,0,0
114732,2020-10-12 11:56:03,1722,65,0,0,0,0,0,0,0,0,0,0,0,0,1,0,0
114735,2020-10-12 11:57:10,1747,66,0,0,0,0,0,0,0,0,0,0,0,0,1,0,0
114762,2020-10-12 12:00:13,1818,65,0,0,1,0,0,0,0,0,0,0,0,0,0,0,0
114831,2020-10-12 12:22:49,1934,63,0,0,1,0,0,0,0,0,0,0,0,0,0,0,0
114835,2020-10-12 12:26:14,1976,64,0,0,0,0,0,0,0,0,0,0,0,0,1,0,0
114858,2020-10-12 12:31:57,1983,64,0,0,0,0,0,0,0,0,0,0,0,0,1,0,0
114859,2020-10-12 12:32:07,1996,63,0,0,0,0,0,0,0,0,0,0,0,0,1,0,0
114860,2020-10-12 12:32:17,2010,63,0,0,0,0,0,0,0,0,0,0,0,0,1,0,0
114863,2020-10-12 12:33:26,2024,63,0,0,0,0,0,0,0,0,0,0,0,0,1,0,0
114864,2020-10-12 12:33:36,2044,63,0,0,0,0,0,0,0,0,0,0,0,0,1,0,0
114865,2020-10-12 12:33:46,2064,62,0,0,0,0,0,0,0,0,0,0,0,0,1,0,0
114901,2020-10-12 12:44:08,2309,64,0,0,1,0,0,0,0,0,0,0,0,0,0,0,0
115130,2020-10-12 13:43:34,2497,62,0,0,0,0,0,0,0,0,0,0,0,0,1,0,0
115189,2020-10-12 14:00:26,3298,62,0,0,1,0,0,0,0,0,0,0,0,0,0,0,0
115229,2020-10-12 14:10:32,3972,61,0,0,1,0,0,0,0,0,0,0,0,0,0,0,0
115245,2020-10-12 14:17:23,4654,61,0,0,0,0,1,0,0,0,0,0,0,0,0,0,0
115246,2020-10-12 14:17:25,4659,61,0,0,0,0,0,1,0,0,0,0,0,0,0,0,0
115256,2020-10-12 14:20:11,4922,59,0,0,1,0,0,0,0,0,0,0,0,0,0,0,0
115276,2020-10-12 14:30:08,5683,59,0,0,1,0,0,0,0,0,0,0,0,0,0,0,0
115312,2020-10-12 14:40:08,5852,59,0,0,1,0,0,0,0,0,0,0,0,0,0,0,0
115336,2020-10-12 14:50:09,6042,58,0,0,1,0,0,0,0,0,0,0,0,0,0,0,0
115369,2020-10-12 15:00:11,6831,59,0,0,1,0,0,0,0,0,0,0,0,0,0,0,0
115426,2020-10-12 15:12:57,7669,58,0,0,0,0,0,0,0,0,0,0,0,0,1,0,0
115428,2020-10-12 15:13:07,7680,59,0,0,0,0,0,0,0,0,0,0,0,0,1,0,0
115429,2020-10-12 15:13:18,7687,58,0,0,0,0,0,0,0,0,0,0,0,0,1,0,0
115430,2020-10-12 15:13:29,7689,58,0,0,0,0,0,0,0,0,0,0,0,0,1,0,0
115433,2020-10-12 15:14:29,7706,59,0,0,0,0,0,0,0,0,0,0,0,0,1,0,0
115434,2020-10-12 15:14:39,7725,57,0,0,0,0,0,0,0,0,0,0,0,0,1,0,0
115435,2020-10-12 15:14:49,7736,59,0,0,0,0,0,0,0,0,0,0,0,0,1,0,0
115449,2020-10-12 15:17:16,7762,59,0,0,0,0,0,0,0,0,0,0,0,0,1,0,0
115452,2020-10-12 15:17:26,7782,58,0,0,0,0,0,0,0,0,0,0,0,0,1,0,0
115454,2020-10-12 15:17:35,7797,58,0,0,0,0,0,0,0,0,0,0,0,0,1,0,0
115490,2020-10-12 15:21:27,7883,58,0,0,0,0,0,0,0,0,0,0,0,0,1,0,0
115502,2020-10-12 15:23:25,8047,58,0,0,1,0,0,0,0,0,0,0,0,0,0,0,0
115527,2020-10-12 15:31:13,8487,59,0,0,0,0,1,0,0,0,0,0,0,0,0,0,0
115573,2020-10-12 15:41:47,8957,57,0,0,1,0,0,0,0,0,0,0,0,0,0,0,0
115596,2020-10-12 15:50:07,9552,56,0,0,1,0,0,0,0,0,0,0,0,0,0,0,0
115666,2020-10-12 16:17:18,11066,56,0,1,0,1,0,0,0,0,0,0,0,0,0,0,0
115681,2020-10-12 16:20:10,11089,56,0,0,1,0,0,0,0,0,0,0,0,0,0,0,0
115704,2020-10-12 16:30:07,11103,55,0,0,1,0,0,0,0,0,0,0,0,0,0,0,0
115714,2020-10-12 16:33:32,11167,55,0,0,0,0,0,1,0,0,0,0,0,0,0,0,0
115930,2020-10-12 17:55:30,11235,52,0,0,0,0,0,0,0,0,0,0,0,1,0,0,0
115976,2020-10-12 18:10:09,11246,51,0,0,1,0,0,0,0,0,0,0,0,0,0,0,0
115997,2020-10-12 18:20:08,11260,51,0,0,1,0,0,0,0,0,0,0,0,0,0,0,0
116093,2020-10-12 19:10:08,11273,50,0,0,1,0,0,0,0,0,0,0,0,0,0,0,0
116122,2020-10-12 19:30:08,11280,50,0,0,1,0,0,0,0,0,0,0,0,0,0,0,0
116155,2020-10-12 19:50:08,11294,49,0,0,1,0,0,0,0,0,0,0,0,0,0,0,0
116180,2020-10-12 20:10:07,11301,49,0,0,1,0,0,0,0,0,0,0,0,0,0,0,0
116219,2020-10-12 20:50:08,11322,48,0,0,1,0,0,0,0,0,0,0,0,0,0,0,0
116238,2020-10-12 21:04:38,11379,47,0,0,0,0,0,0,0,0,0,0,0,1,0,0,0
116239,2020-10-12 21:04:42,11386,47,0,0,0,0,0,0,0,0,0,0,0,1,0,0,0
116255,2020-10-12 21:22:23,11463,46,0,0,0,0,1,0,0,0,0,0,0,0,0,0,0
116326,2020-10-12 23:42:17,11471,99,0,0,1,0,0,0,0,0,0,0,0,0,0,0,0
116332,2020-10-13 00:20:07,12,95,0,0,1,0,0,0,0,0,0,0,0,0,0,0,0
116334,2020-10-13 00:30:08,21,94,0,0,1,0,0,0,0,0,0,0,0,0,0,0,0
116335,2020-10-13 00:40:08,114,94,0,0,1,0,0,0,0,0,0,0,0,0,0,0,0
116337,2020-10-13 00:50:08,123,93,0,0,1,0,0,0,0,0,0,0,0,0,0,0,0
116373,2020-10-13 04:10:08,137,85,0,0,1,0,0,0,0,0,0,0,0,0,0,0,0
116395,2020-10-13 05:23:22,177,83,0,0,0,0,1,0,0,0,0,0,0,0,0,0,0
116402,2020-10-13 05:30:07,225,83,0,0,1,0,0,0,0,0,0,0,0,0,0,0,0
116411,2020-10-13 05:40:08,242,82,0,0,1,0,0,0,0,0,0,0,0,0,0,0,0
116458,2020-10-13 06:46:54,260,79,0,0,0,0,0,0,0,0,0,0,0,1,0,0,0
116471,2020-10-13 06:54:54,269,79,0,0,0,0,0,0,0,0,0,0,0,1,0,0,0
116607,2020-10-13 08:00:08,278,76,0,0,1,0,0,0,0,0,0,0,0,0,0,0,0
116706,2020-10-13 08:50:06,679,76,0,0,1,0,0,0,0,0,0,0,0,0,0,0,0
116752,2020-10-13 09:03:55,874,74,0,0,0,0,1,0,0,0,0,0,0,0,0,0,0
116795,2020-10-13 09:20:06,933,74,0,0,1,0,0,0,0,0,0,0,0,0,0,0,0
116804,2020-10-13 09:28:16,1278,74,0,0,0,0,1,0,0,0,0,0,0,0,0,0,0
116812,2020-10-13 09:30:08,1452,74,0,0,1,0,0,0,0,0,0,0,0,0,0,0,0
116855,2020-10-13 09:47:32,2965,73,0,0,0,0,0,0,0,0,0,0,0,0,1,0,0
116856,2020-10-13 09:47:42,2980,73,0,0,0,0,0,0,0,0,0,0,0,0,1,0,0
116858,2020-10-13 09:48:02,3007,73,0,0,0,0,0,0,0,0,0,0,0,0,1,0,0
116859,2020-10-13 09:48:12,3020,73,0,0,0,0,0,0,0,0,0,0,0,0,1,0,0
116860,2020-10-13 09:48:22,3035,73,0,0,0,0,0,0,0,0,0,0,0,0,1,0,0
116861,2020-10-13 09:48:31,3049,73,0,0,0,0,0,0,0,0,0,0,0,0,1,0,0
116862,2020-10-13 09:48:41,3064,73,0,0,0,0,0,0,0,0,0,0,0,0,1,0,0
116909,2020-10-13 10:00:07,3210,73,0,0,1,0,0,0,0,0,0,0,0,0,0,0,0
116980,2020-10-13 10:31:20,3218,71,0,0,1,0,0,0,0,0,0,0,0,0,0,0,0
117014,2020-10-13 10:41:29,3584,71,0,0,1,0,0,0,0,0,0,0,0,0,0,0,0
117216,2020-10-13 11:50:12,3914,69,0,0,1,0,0,0,0,0,0,0,0,0,0,0,0
117299,2020-10-13 12:20:08,3950,68,0,0,1,0,0,0,0,0,0,0,0,0,0,0,0
117326,2020-10-13 12:30:08,3983,67,0,0,1,0,0,0,0,0,0,0,0,0,0,0,0
117361,2020-10-13 12:40:10,4009,66,0,0,1,0,0,0,0,0,0,0,0,0,0,0,0
117464,2020-10-13 13:04:45,4612,66,0,0,0,0,0,0,0,0,0,0,0,0,1,0,0
117465,2020-10-13 13:04:54,4632,66,0,0,0,0,0,0,0,0,0,0,0,0,1,0,0
117466,2020-10-13 13:05:05,4640,67,0,0,0,0,0,0,0,0,0,0,0,0,1,0,0
117467,2020-10-13 13:05:15,4666,66,0,0,0,0,0,0,0,0,0,0,0,0,1,0,0
117468,2020-10-13 13:05:26,4689,66,0,0,0,0,0,0,0,0,0,0,0,0,1,0,0
117469,2020-10-13 13:05:37,4712,66,0,0,0,0,0,0,0,0,0,0,0,0,1,0,0
117470,2020-10-13 13:05:48,4734,66,0,0,0,0,0,0,0,0,0,0,0,0,1,0,0
117471,2020-10-13 13:05:57,4754,66,0,0,0,0,0,0,0,0,0,0,0,0,1,0,0
117472,2020-10-13 13:06:06,4775,66,0,0,0,0,0,0,0,0,0,0,0,0,1,0,0
117474,2020-10-13 13:06:16,4792,66,0,0,0,0,0,0,0,0,0,0,0,0,1,0,0
117476,2020-10-13 13:06:26,4811,66,0,0,0,0,0,0,0,0,0,0,0,0,1,0,0
117505,2020-10-13 13:10:17,5259,66,0,0,0,0,0,0,0,0,0,0,0,0,1,0,0
117530,2020-10-13 13:20:08,6151,66,0,0,1,0,0,0,0,0,0,0,0,0,0,0,0
117539,2020-10-13 13:21:45,6284,66,0,0,0,0,1,0,0,0,0,0,0,0,0,0,0
117540,2020-10-13 13:21:46,6288,66,0,0,0,0,0,1,0,0,0,0,0,0,0,0,0
117541,2020-10-13 13:21:48,6292,66,0,0,0,0,0,0,1,0,0,0,0,0,0,0,0
117561,2020-10-13 13:30:08,6576,65,0,0,1,0,0,0,0,0,0,0,0,0,0,0,0
117591,2020-10-13 13:40:08,6653,65,0,0,1,0,0,0,0,0,0,0,0,0,0,0,0
117626,2020-10-13 13:57:14,6833,65,0,1,0,1,0,0,0,0,0,0,0,0,0,0,0
117641,2020-10-13 14:00:07,6855,65,0,0,1,0,0,0,0,0,0,0,0,0,0,0,0
117676,2020-10-13 14:10:06,7608,65,0,0,1,0,0,0,0,0,0,0,0,0,0,0,0
117752,2020-10-13 14:42:10,8239,63,0,0,1,0,0,0,0,0,0,0,0,0,0,0,0
117805,2020-10-13 14:59:44,8482,63,0,0,0,0,1,0,0,0,0,0,0,0,0,0,0
117822,2020-10-13 15:03:20,8494,62,0,0,1,0,0,0,0,0,0,0,0,0,0,0,0
117854,2020-10-13 15:14:32,9577,63,0,0,1,0,0,0,0,0,0,0,0,0,0,0,0
117857,2020-10-13 15:15:42,9594,61,0,0,0,0,1,0,0,0,0,0,0,0,0,0,0
117916,2020-10-13 15:30:07,9722,62,0,0,1,0,0,0,0,0,0,0,0,0,0,0,0
117969,2020-10-13 15:41:36,9765,61,0,0,0,0,1,0,0,0,0,0,0,0,0,0,0
117997,2020-10-13 15:50:06,9773,61,0,0,1,0,0,0,0,0,0,0,0,0,0,0,0
118075,2020-10-13 16:10:08,9787,59,0,0,1,0,0,0,0,0,0,0,0,0,0,0,0
118288,2020-10-13 17:40:08,10914,57,0,0,1,0,0,0,0,0,0,0,0,0,0,0,0
118306,2020-10-13 17:48:10,10935,57,0,0,0,0,1,0,0,0,0,0,0,0,0,0,0
118317,2020-10-13 17:50:08,10943,56,0,0,1,0,0,0,0,0,0,0,0,0,0,0,0
118387,2020-10-13 18:06:15,10961,56,0,1,0,1,0,0,0,0,0,0,0,0,0,0,0
118470,2020-10-13 18:40:07,11016,55,0,0,1,0,0,0,0,0,0,0,0,0,0,0,0
118478,2020-10-13 18:46:18,11025,55,0,1,0,1,0,0,0,0,0,0,0,0,0,0,0
118489,2020-10-13 18:56:23,11042,53,0,1,0,1,0,0,0,0,0,0,0,0,0,0,0
118626,2020-10-13 20:10:07,11051,51,0,0,1,0,0,0,0,0,0,0,0,0,0,0,0
118678,2020-10-13 20:59:24,11058,50,0,0,0,0,0,0,0,0,0,0,0,1,0,0,0
118692,2020-10-13 21:11:46,11097,51,0,0,1,0,0,0,0,0,0,0,0,0,0,0,0
118697,2020-10-13 21:22:04,11175,50,0,0,1,0,0,0,0,0,0,0,0,0,0,0,0
118706,2020-10-13 21:30:08,11245,50,0,0,1,0,0,0,0,0,0,0,0,0,0,0,0
118712,2020-10-13 21:40:06,11259,50,0,0,1,0,0,0,0,0,0,0,0,0,0,0,0
118753,2020-10-13 22:50:08,11272,99,0,0,1,0,0,0,0,0,0,0,0,0,0,0,0
118758,2020-10-13 22:58:56,11293,99,0,0,0,0,1,0,0,0,0,0,0,0,0,0,0
118767,2020-10-13 23:10:08,11300,98,0,0,1,0,0,0,0,0,0,0,0,0,0,0,0
118773,2020-10-13 23:30:07,11369,97,0,0,1,0,0,0,0,0,0,0,0,0,0,0,0
118775,2020-10-13 23:40:08,11377,97,0,0,1,0,0,0,0,0,0,0,0,0,0,0,0
118808,2020-10-14 02:43:45,9,88,0,0,0,0,1,0,0,0,0,0,0,0,0,0,0
118811,2020-10-14 02:50:05,61,88,0,0,1,0,0,0,0,0,0,0,0,0,0,0,0
118820,2020-10-14 03:40:06,68,86,0,0,1,0,0,0,0,0,0,0,0,0,0,0,0
118832,2020-10-14 04:30:07,95,84,0,0,1,0,0,0,0,0,0,0,0,0,0,0,0
118837,2020-10-14 04:50:07,117,83,0,0,1,0,0,0,0,0,0,0,0,0,0,0,0
118850,2020-10-14 05:30:05,154,82,0,0,1,0,0,0,0,0,0,0,0,0,0,0,0
118855,2020-10-14 05:50:07,171,81,0,0,1,0,0,0,0,0,0,0,0,0,0,0,0
118866,2020-10-14 06:21:45,178,83,0,0,1,0,0,0,0,0,0,0,0,0,0,0,0
118891,2020-10-14 06:49:40,219,82,0,0,0,0,1,0,0,0,0,0,0,0,0,0,0
118895,2020-10-14 06:52:10,239,82,0,0,1,0,0,0,0,0,0,0,0,0,0,0,0
118906,2020-10-14 07:02:26,290,83,0,0,0,0,0,0,0,0,0,0,0,0,0,0,1
118966,2020-10-14 07:25:47,305,81,0,1,0,0,0,0,0,0,0,0,0,0,0,0,1
118968,2020-10-14 07:25:52,306,82,0,1,0,0,0,0,0,0,0,0,0,0,0,0,1
118995,2020-10-14 07:35:23,335,80,0,0,0,0,0,0,0,0,0,0,0,0,0,0,1
119035,2020-10-14 07:47:41,425,80,0,1,0,1,0,0,0,0,0,0,0,0,0,0,0
119091,2020-10-14 08:14:00,442,79,0,0,0,0,0,0,0,0,0,0,0,1,0,0,0
119147,2020-10-14 08:40:08,464,78,0,0,1,0,0,0,0,0,0,0,0,0,0,0,0
119182,2020-10-14 08:51:03,494,77,0,1,0,1,0,0,0,0,0,0,0,0,0,0,0
119225,2020-10-14 09:10:08,680,77,0,0,1,0,0,0,0,0,0,0,0,0,0,0,0
119236,2020-10-14 09:17:04,718,77,0,0,0,0,1,0,0,0,0,0,0,0,0,0,0
119252,2020-10-14 09:20:07,768,76,0,0,1,0,0,0,0,0,0,0,0,0,0,0,0
119280,2020-10-14 09:32:45,1087,76,0,1,0,1,0,0,0,0,0,0,0,0,0,0,0
119285,2020-10-14 09:34:47,1128,76,0,1,0,1,0,0,0,0,0,0,0,0,0,0,0
119306,2020-10-14 09:40:07,1200,76,0,0,1,0,0,0,0,0,0,0,0,0,0,0,0
119312,2020-10-14 09:42:26,1443,76,0,0,0,0,1,0,0,0,0,0,0,0,0,0,0
119325,2020-10-14 09:48:25,2064,76,0,0,0,0,0,0,0,0,0,0,0,0,1,0,0
119326,2020-10-14 09:48:35,2077,76,0,0,0,0,0,0,0,0,0,0,0,0,1,0,0
119328,2020-10-14 09:48:45,2090,76,0,0,0,0,0,0,0,0,0,0,0,0,1,0,0
119338,2020-10-14 09:49:53,2103,77,0,0,0,0,0,0,0,0,0,0,0,0,1,0,0
119354,2020-10-14 09:50:23,2118,76,0,0,0,0,0,0,0,0,0,0,0,0,1,0,0
119399,2020-10-14 10:07:35,2182,76,0,0,0,0,0,0,0,0,0,0,0,0,1,0,0
119400,2020-10-14 10:08:06,2235,74,0,0,0,0,0,0,0,0,0,0,0,0,1,0,0
119403,2020-10-14 10:08:38,2291,75,0,0,0,0,0,0,0,0,0,0,0,0,1,0,0
119404,2020-10-14 10:08:48,2308,75,0,0,0,0,0,0,0,0,0,0,0,0,1,0,0
119405,2020-10-14 10:08:58,2320,74,0,0,0,0,0,0,0,0,0,0,0,0,1,0,0
119422,2020-10-14 10:10:11,2419,76,0,0,1,0,0,0,0,0,0,0,0,0,0,0,0
119425,2020-10-14 10:14:30,2421,74,0,0,0,0,1,0,0,0,0,0,0,0,0,0,0
119430,2020-10-14 10:19:21,2462,75,0,0,0,0,1,0,0,0,0,0,0,0,0,0,0
119459,2020-10-14 10:28:33,2557,73,0,0,0,0,0,0,0,0,0,0,0,0,1,0,0
119473,2020-10-14 10:30:33,2564,75,0,0,0,0,0,0,0,0,0,0,0,0,1,0,0
119475,2020-10-14 10:30:41,2570,73,0,0,0,0,0,0,0,0,0,0,0,0,1,0,0
119491,2020-10-14 10:35:36,2589,73,0,0,0,0,0,0,0,0,0,0,0,0,1,0,0
119494,2020-10-14 10:36:24,2609,72,0,0,0,0,0,0,0,0,0,0,0,0,1,0,0
119496,2020-10-14 10:37:33,2638,74,0,0,0,0,0,0,0,0,0,0,0,0,1,0,0
119498,2020-10-14 10:39:43,2678,72,0,0,0,0,0,0,0,0,0,0,0,0,1,0,0
119515,2020-10-14 10:40:10,2687,73,0,0,0,0,0,0,0,0,0,0,0,0,1,0,0
119517,2020-10-14 10:40:32,2695,72,0,0,0,0,0,0,0,0,0,0,0,0,1,0,0
119518,2020-10-14 10:41:20,2727,73,0,0,0,0,0,0,0,0,0,0,0,0,1,0,0
119519,2020-10-14 10:41:39,2734,73,0,0,0,0,0,0,0,0,0,0,0,0,1,0,0
119520,2020-10-14 10:41:49,2741,73,0,0,0,0,0,0,0,0,0,0,0,0,1,0,0
119521,2020-10-14 10:42:08,2750,73,0,0,0,0,0,0,0,0,0,0,0,0,1,0,0
119532,2020-10-14 10:48:21,2810,72,0,0,0,0,0,0,0,0,0,0,0,0,1,0,0
119537,2020-10-14 10:49:39,2844,73,0,0,0,0,0,0,0,0,0,0,0,0,1,0,0
119539,2020-10-14 10:49:49,2859,73,0,0,0,0,0,0,0,0,0,0,0,0,1,0,0
119543,2020-10-14 10:49:58,2872,73,0,0,0,0,0,0,0,0,0,0,0,0,1,0,0
119557,2020-10-14 10:50:28,2881,72,0,0,0,0,0,0,0,0,0,0,0,0,1,0,0
119576,2020-10-14 10:54:16,3032,71,0,0,0,0,0,0,0,0,0,0,0,0,1,0,0
119619,2020-10-14 11:10:07,3150,71,0,0,1,0,0,0,0,0,0,0,0,0,0,0,0
119668,2020-10-14 11:30:06,3157,72,0,0,1,0,0,0,0,0,0,0,0,0,0,0,0
119773,2020-10-14 12:02:47,3168,70,0,0,0,0,1,0,0,0,0,0,0,0,0,0,0
119797,2020-10-14 12:10:13,3197,71,0,0,1,0,0,0,0,0,0,0,0,0,0,0,0
119814,2020-10-14 12:20:07,3216,70,0,0,1,0,0,0,0,0,0,0,0,0,0,0,0
119846,2020-10-14 12:31:46,3349,69,0,0,1,0,0,0,0,0,0,0,0,0,0,0,0
119944,2020-10-14 13:12:15,3565,66,0,0,1,0,0,0,0,0,0,0,0,0,0,0,0
119979,2020-10-14 13:30:07,3754,67,0,0,1,0,0,0,0,0,0,0,0,0,0,0,0
119997,2020-10-14 13:40:07,3779,66,0,0,1,0,0,0,0,0,0,0,0,0,0,0,0
120007,2020-10-14 13:45:19,3808,66,0,0,0,0,1,0,0,0,0,0,0,0,0,0,0
120008,2020-10-14 13:47:44,3844,66,0,0,0,0,0,0,0,0,0,0,0,0,1,0,0
120009,2020-10-14 13:48:13,3863,66,0,0,0,0,0,0,0,0,0,0,0,0,1,0,0
120011,2020-10-14 13:48:42,3873,66,0,0,0,0,0,0,0,0,0,0,0,0,1,0,0
120012,2020-10-14 13:49:03,3887,66,0,0,0,0,0,0,0,0,0,0,0,0,1,0,0
120013,2020-10-14 13:49:33,3907,66,0,0,0,0,0,0,0,0,0,0,0,0,1,0,0
120014,2020-10-14 13:49:42,3909,66,0,0,0,0,0,0,0,0,0,0,0,0,1,0,0
120025,2020-10-14 13:51:21,3916,66,0,0,0,0,0,0,0,0,0,0,0,0,1,0,0
120030,2020-10-14 13:54:27,3926,66,0,0,0,0,0,0,0,0,0,0,0,0,1,0,0
120031,2020-10-14 13:54:37,3934,66,0,0,0,0,0,0,0,0,0,0,0,0,1,0,0
120033,2020-10-14 13:55:16,3962,66,0,0,0,0,0,0,0,0,0,0,0,0,1,0,0
120034,2020-10-14 13:55:55,3972,66,0,0,0,0,0,0,0,0,0,0,0,0,1,0,0
120050,2020-10-14 14:00:20,3992,66,0,0,0,0,0,0,0,0,0,0,0,0,1,0,0
120053,2020-10-14 14:01:00,3999,66,0,0,0,0,0,0,0,0,0,0,0,0,1,0,0
120054,2020-10-14 14:01:20,4013,66,0,0,1,0,0,0,0,0,0,0,0,0,0,0,0
120055,2020-10-14 14:02:18,4023,65,0,0,0,0,0,0,0,0,0,0,0,0,1,0,0
120061,2020-10-14 14:05:34,4039,66,0,0,0,0,0,0,0,0,0,0,0,0,1,0,0
120063,2020-10-14 14:05:53,4043,67,0,0,0,0,0,0,0,0,0,0,0,0,1,0,0
120064,2020-10-14 14:06:13,4056,66,0,0,0,0,0,0,0,0,0,0,0,0,1,0,0
120065,2020-10-14 14:07:13,4072,66,0,0,0,0,0,0,0,0,0,0,0,0,1,0,0
120067,2020-10-14 14:08:12,4086,65,0,0,0,0,0,0,0,0,0,0,0,0,1,0,0
120069,2020-10-14 14:09:30,4097,66,0,0,0,0,0,0,0,0,0,0,0,0,1,0,0
120082,2020-10-14 14:10:39,4104,66,0,0,0,0,0,0,0,0,0,0,0,0,1,0,0
120089,2020-10-14 14:16:49,4395,66,0,0,0,0,1,0,0,0,0,0,0,0,0,0,0
120113,2020-10-14 14:27:28,4409,65,0,0,0,0,0,0,0,0,0,0,0,0,1,0,0
120114,2020-10-14 14:27:37,4410,66,0,0,0,0,0,0,0,0,0,0,0,0,1,0,0
120141,2020-10-14 14:33:21,4423,64,0,0,0,0,0,0,0,0,0,0,0,0,1,0,0
120145,2020-10-14 14:37:46,4431,65,0,0,0,0,0,0,0,0,0,0,0,0,1,0,0
120169,2020-10-14 14:45:55,4441,64,0,0,0,0,0,0,0,0,0,0,0,0,1,0,0
120171,2020-10-14 14:48:04,4449,64,0,0,0,0,0,0,0,0,0,0,0,0,1,0,0
120186,2020-10-14 14:51:02,4458,64,0,0,0,0,0,0,0,0,0,0,0,0,1,0,0
120187,2020-10-14 14:51:10,4465,66,0,0,0,0,0,0,0,0,0,0,0,0,1,0,0
120189,2020-10-14 14:51:41,4472,65,0,0,0,0,0,0,0,0,0,0,0,0,1,0,0
120190,2020-10-14 14:51:50,4480,64,0,0,0,0,0,0,0,0,0,0,0,0,1,0,0
120191,2020-10-14 14:52:00,4490,65,0,0,0,0,0,0,0,0,0,0,0,0,1,0,0
120194,2020-10-14 14:53:48,4511,65,0,0,0,0,0,0,0,0,0,0,0,0,1,0,0
120197,2020-10-14 14:54:07,4524,63,0,0,0,0,0,0,0,0,0,0,0,0,1,0,0
120198,2020-10-14 14:54:18,4543,63,0,0,0,0,0,0,0,0,0,0,0,0,1,0,0
120222,2020-10-14 15:00:08,4846,65,0,0,1,0,0,0,0,0,0,0,0,0,0,0,0
120268,2020-10-14 15:18:45,5023,63,0,1,0,0,0,0,0,0,0,0,0,0,0,0,1
120287,2020-10-14 15:23:37,5040,63,0,1,0,0,0,0,0,0,0,0,0,0,0,0,1
120290,2020-10-14 15:25:06,5047,64,0,1,0,0,0,0,0,0,0,0,0,0,0,0,1
120305,2020-10-14 15:30:07,5063,63,0,0,1,0,0,0,0,0,0,0,0,0,0,0,0
120315,2020-10-14 15:33:19,5071,62,0,1,0,1,0,0,0,0,0,0,0,0,0,0,0
120329,2020-10-14 15:40:07,5199,64,0,0,1,0,0,0,0,0,0,0,0,0,0,0,0
120387,2020-10-14 16:00:08,5237,62,0,0,1,0,0,0,0,0,0,0,0,0,0,0,0
120416,2020-10-14 16:10:08,5247,63,0,0,1,0,0,0,0,0,0,0,0,0,0,0,0
120424,2020-10-14 16:11:52,5255,62,0,0,0,0,0,0,0,0,0,0,0,1,0,0,0
120453,2020-10-14 16:24:08,5262,61,0,0,0,0,0,0,0,0,0,0,0,1,0,0,0
120484,2020-10-14 16:37:17,5273,60,0,0,0,0,0,0,0,0,0,0,0,1,0,0,0
120638,2020-10-14 17:16:04,5328,59,0,0,0,0,0,0,0,0,0,0,0,0,0,0,1
120654,2020-10-14 17:20:08,5335,60,0,0,1,0,0,0,0,0,0,0,0,0,0,0,0
120678,2020-10-14 17:30:07,5342,60,0,0,1,0,0,0,0,0,0,0,0,0,0,0,0
120694,2020-10-14 17:35:20,5349,59,0,0,0,0,0,0,0,0,0,0,0,1,0,0,0
120707,2020-10-14 17:44:59,5356,58,0,0,0,0,0,0,0,0,0,0,0,1,0,0,0
120779,2020-10-14 18:20:07,5424,57,0,0,1,0,0,0,0,0,0,0,0,0,0,0,0
120801,2020-10-14 18:39:12,5528,56,0,1,0,1,0,0,0,0,0,0,0,0,0,0,0
120834,2020-10-14 18:57:27,5535,56,0,0,0,0,0,0,0,0,0,0,0,1,0,0,0
120835,2020-10-14 18:57:34,5542,56,0,0,0,0,0,0,0,0,0,0,0,1,0,0,0
120862,2020-10-14 19:14:12,5567,56,0,1,0,1,0,0,0,0,0,0,0,0,0,0,0
120875,2020-10-14 19:20:07,5600,55,0,0,1,0,0,0,0,0,0,0,0,0,0,0,0
120883,2020-10-14 19:29:49,5607,55,0,0,0,0,0,0,0,0,0,0,0,1,0,0,0
120917,2020-10-14 20:00:08,5626,55,0,0,1,0,0,0,0,0,0,0,0,0,0,0,0
120930,2020-10-14 20:10:05,5721,54,0,0,1,0,0,0,0,0,0,0,0,0,0,0,0
120981,2020-10-14 21:00:06,5871,52,0,0,1,0,0,0,0,0,0,0,0,0,0,0,0
121027,2020-10-14 21:40:08,6019,62,1,0,1,0,0,0,0,0,0,0,0,0,0,0,0
121065,2020-10-14 22:20:07,6028,95,0,0,1,0,0,0,0,0,0,0,0,0,0,0,0
121079,2020-10-14 22:40:06,6049,92,0,0,1,0,0,0,0,0,0,0,0,0,0,0,0
121091,2020-10-14 23:00:05,6057,91,0,0,1,0,0,0,0,0,0,0,0,0,0,0,0
121097,2020-10-14 23:10:05,6064,89,0,0,1,0,0,0,0,0,0,0,0,0,0,0,0
121110,2020-10-14 23:40:05,6073,89,0,0,1,0,0,0,0,0,0,0,0,0,0,0,0
121122,2020-10-15 00:50:05,18,87,0,0,1,0,0,0,0,0,0,0,0,0,0,0,0
121125,2020-10-15 01:00:05,66,85,0,0,1,0,0,0,0,0,0,0,0,0,0,0,0
121133,2020-10-15 01:40:05,83,84,0,0,1,0,0,0,0,0,0,0,0,0,0,0,0
121134,2020-10-15 02:00:05,90,83,0,0,1,0,0,0,0,0,0,0,0,0,0,0,0
121171,2020-10-15 05:00:09,98,77,0,0,1,0,0,0,0,0,0,0,0,0,0,0,0
121178,2020-10-15 05:16:24,137,76,0,0,0,0,1,0,0,0,0,0,0,0,0,0,0
121182,2020-10-15 05:20:07,145,76,0,0,1,0,0,0,0,0,0,0,0,0,0,0,0
121245,2020-10-15 06:51:08,293,96,0,0,0,0,0,0,0,0,0,0,0,0,0,0,1
121251,2020-10-15 06:54:30,315,96,0,0,0,0,0,0,0,0,0,0,0,1,0,0,0
121265,2020-10-15 07:03:27,322,95,0,0,0,0,0,0,0,0,0,0,0,0,0,0,1
121273,2020-10-15 07:11:42,333,95,0,0,1,0,0,0,0,0,0,0,0,0,0,0,0
121283,2020-10-15 07:21:05,450,94,0,0,1,0,0,0,0,0,0,0,0,0,0,0,0
121286,2020-10-15 07:22:11,495,95,0,0,0,0,0,0,0,0,0,0,0,0,0,0,1
121294,2020-10-15 07:29:33,570,94,0,1,0,0,0,0,0,0,0,0,0,0,0,0,1
121350,2020-10-15 07:52:48,809,93,0,0,0,0,0,0,0,0,0,0,0,0,0,0,1
121414,2020-10-15 08:20:06,1264,92,0,0,1,0,0,0,0,0,0,0,0,0,0,0,0
121433,2020-10-15 08:28:05,1287,91,0,0,0,0,1,0,0,0,0,0,0,0,0,0,0
121448,2020-10-15 08:37:46,1340,91,0,1,0,1,0,0,0,0,0,0,0,0,0,0,0
121461,2020-10-15 08:40:57,1347,90,0,0,1,0,0,0,0,0,0,0,0,0,0,0,0
121478,2020-10-15 08:50:06,1389,91,0,0,1,0,0,0,0,0,0,0,0,0,0,0,0
121529,2020-10-15 09:09:40,2581,90,0,0,0,0,0,0,0,0,0,0,0,0,1,0,0
121530,2020-10-15 09:09:50,2596,91,0,0,0,0,0,0,0,0,0,0,0,0,1,0,0
121531,2020-10-15 09:10:00,2611,90,0,0,0,0,0,0,0,0,0,0,0,0,1,0,0
121543,2020-10-15 09:10:10,2626,91,0,0,0,0,0,0,0,0,0,0,0,0,1,0,0
121544,2020-10-15 09:10:39,2633,90,0,0,0,0,0,0,0,0,0,0,0,0,1,0,0
121545,2020-10-15 09:10:48,2639,90,0,0,0,0,0,0,0,0,0,0,0,0,1,0,0
121547,2020-10-15 09:11:28,2661,91,0,0,0,0,0,0,0,0,0,0,0,0,1,0,0
121548,2020-10-15 09:11:39,2662,89,0,0,0,0,0,0,0,0,0,0,0,0,1,0,0
121574,2020-10-15 09:25:53,2734,89,0,0,0,0,0,0,0,0,0,0,0,0,1,0,0
121576,2020-10-15 09:26:02,2753,89,0,0,0,0,0,0,0,0,0,0,0,0,1,0,0
121578,2020-10-15 09:26:12,2772,89,0,0,0,0,0,0,0,0,0,0,0,0,1,0,0
121579,2020-10-15 09:26:22,2781,89,0,0,0,0,0,0,0,0,0,0,0,0,1,0,0
121580,2020-10-15 09:26:32,2786,89,0,0,0,0,0,0,0,0,0,0,0,0,1,0,0
121583,2020-10-15 09:27:50,2798,89,0,0,0,0,0,0,0,0,0,0,0,0,1,0,0
121584,2020-10-15 09:28:02,2813,89,0,0,0,0,0,0,0,0,0,0,0,0,1,0,0
121586,2020-10-15 09:28:12,2828,89,0,0,0,0,0,0,0,0,0,0,0,0,1,0,0
121590,2020-10-15 09:29:01,2858,89,0,0,0,0,0,0,0,0,0,0,0,0,1,0,0
121591,2020-10-15 09:29:11,2874,90,0,0,0,0,0,0,0,0,0,0,0,0,1,0,0
121599,2020-10-15 09:30:07,2905,89,0,0,1,0,0,0,0,0,0,0,0,0,0,0,0
121609,2020-10-15 09:31:10,2912,89,0,0,0,0,1,0,0,0,0,0,0,0,0,0,0
121639,2020-10-15 09:45:57,2926,89,0,0,0,0,0,0,0,0,0,0,0,0,1,0,0
121651,2020-10-15 09:48:07,2997,88,0,0,0,0,0,0,0,0,0,0,0,0,1,0,0
121652,2020-10-15 09:48:17,3017,89,0,0,0,0,0,0,0,0,0,0,0,0,1,0,0
121653,2020-10-15 09:48:26,3031,88,0,0,0,0,0,0,0,0,0,0,0,0,1,0,0
121655,2020-10-15 09:49:35,3048,88,0,0,0,0,0,0,0,0,0,0,0,0,1,0,0
121656,2020-10-15 09:49:45,3067,87,0,0,0,0,0,0,0,0,0,0,0,0,1,0,0
121670,2020-10-15 09:51:23,3123,88,0,0,0,0,0,0,0,0,0,0,0,0,1,0,0
121696,2020-10-15 10:08:33,3143,87,0,0,0,0,0,0,0,0,0,0,0,0,1,0,0
121698,2020-10-15 10:08:43,3145,87,0,0,0,0,0,0,0,0,0,0,0,0,1,0,0
121703,2020-10-15 10:09:11,3163,87,0,0,0,0,0,0,0,0,0,0,0,0,1,0,0
121705,2020-10-15 10:09:23,3182,87,0,0,0,0,0,0,0,0,0,0,0,0,1,0,0
121706,2020-10-15 10:09:32,3192,87,0,0,0,0,0,0,0,0,0,0,0,0,1,0,0
121721,2020-10-15 10:11:12,3274,88,0,0,0,0,0,0,0,0,0,0,0,0,1,0,0
121722,2020-10-15 10:11:34,3294,87,0,0,0,0,0,0,0,0,0,0,0,0,1,0,0
121723,2020-10-15 10:11:43,3306,86,0,0,0,0,0,0,0,0,0,0,0,0,1,0,0
121724,2020-10-15 10:11:53,3314,87,0,0,0,0,0,0,0,0,0,0,0,0,1,0,0
121728,2020-10-15 10:15:10,3327,88,0,0,0,0,0,0,0,0,0,0,0,0,1,0,0
121731,2020-10-15 10:18:07,3335,86,0,0,0,0,0,0,0,0,0,0,0,0,1,0,0
121745,2020-10-15 10:21:33,3364,88,0,0,0,0,0,0,0,0,0,0,0,0,1,0,0
121747,2020-10-15 10:22:05,3410,86,0,0,0,0,0,0,0,0,0,0,0,0,1,0,0
121748,2020-10-15 10:22:15,3421,86,0,0,0,0,0,0,0,0,0,0,0,0,1,0,0
121749,2020-10-15 10:22:55,3442,86,0,0,0,0,0,0,0,0,0,0,0,0,1,0,0
121767,2020-10-15 10:28:20,3493,86,0,0,0,0,0,0,0,0,0,0,0,0,1,0,0
121768,2020-10-15 10:29:16,3501,86,0,0,0,0,0,0,0,0,0,0,0,0,1,0,0
121847,2020-10-15 10:58:40,3537,85,0,0,0,0,0,0,0,0,0,0,0,0,1,0,0
121870,2020-10-15 11:02:31,3785,86,0,0,0,0,0,0,0,0,0,0,0,0,1,0,0
121877,2020-10-15 11:04:41,3848,85,0,0,0,0,0,0,0,0,0,0,0,0,1,0,0
121879,2020-10-15 11:04:51,3859,85,0,0,0,0,0,0,0,0,0,0,0,0,1,0,0
121880,2020-10-15 11:05:01,3862,84,0,0,0,0,0,0,0,0,0,0,0,0,1,0,0
121881,2020-10-15 11:05:31,3876,85,0,0,0,0,0,0,0,0,0,0,0,0,1,0,0
121882,2020-10-15 11:05:41,3885,84,0,0,0,0,0,0,0,0,0,0,0,0,1,0,0
121898,2020-10-15 11:11:06,3903,85,0,0,0,0,0,0,0,0,0,0,0,0,1,0,0
121976,2020-10-15 11:33:01,3922,83,0,0,0,0,0,0,0,0,0,0,0,0,1,0,0
121977,2020-10-15 11:33:11,3930,84,0,0,0,0,0,0,0,0,0,0,0,0,1,0,0
121980,2020-10-15 11:33:39,3947,83,0,0,0,0,0,0,0,0,0,0,0,0,1,0,0
121982,2020-10-15 11:33:49,3959,84,0,0,0,0,0,0,0,0,0,0,0,0,1,0,0
121983,2020-10-15 11:33:59,3973,83,0,0,0,0,0,0,0,0,0,0,0,0,1,0,0
121985,2020-10-15 11:34:19,3998,83,0,0,0,0,0,0,0,0,0,0,0,0,1,0,0
121990,2020-10-15 11:35:57,4064,83,0,0,0,0,0,0,0,0,0,0,0,0,1,0,0
121992,2020-10-15 11:36:26,4074,84,0,0,0,0,0,0,0,0,0,0,0,0,1,0,0
121993,2020-10-15 11:36:36,4092,83,0,0,0,0,0,0,0,0,0,0,0,0,1,0,0
121994,2020-10-15 11:36:46,4107,84,0,0,0,0,0,0,0,0,0,0,0,0,1,0,0
121995,2020-10-15 11:36:56,4122,83,0,0,0,0,0,0,0,0,0,0,0,0,1,0,0
122019,2020-10-15 11:40:27,4372,84,0,0,0,0,1,0,0,0,0,0,0,0,0,0,0
122020,2020-10-15 11:41:02,4380,84,0,0,0,0,0,0,0,0,0,0,0,0,1,0,0
122021,2020-10-15 11:41:12,4398,83,0,0,0,0,0,0,0,0,0,0,0,0,1,0,0
122023,2020-10-15 11:41:24,4403,84,0,0,0,0,0,0,0,0,0,0,0,0,1,0,0
122127,2020-10-15 12:12:08,4438,82,0,0,1,0,0,0,0,0,0,0,0,0,0,0,0
122319,2020-10-15 13:10:08,4607,81,0,0,1,0,0,0,0,0,0,0,0,0,0,0,0
122323,2020-10-15 13:11:08,4635,80,0,0,0,0,0,0,0,0,0,0,0,0,1,0,0
122325,2020-10-15 13:11:28,4670,80,0,0,0,0,0,0,0,0,0,0,0,0,1,0,0
122326,2020-10-15 13:11:38,4677,80,0,0,0,0,0,0,0,0,0,0,0,0,1,0,0
122327,2020-10-15 13:11:48,4691,80,0,0,0,0,0,0,0,0,0,0,0,0,1,0,0
122379,2020-10-15 13:30:10,5966,80,0,0,1,0,0,0,0,0,0,0,0,0,0,0,0
122417,2020-10-15 13:40:09,6650,80,0,0,1,0,0,0,0,0,0,0,0,0,0,0,0
122455,2020-10-15 13:50:09,7395,79,0,0,1,0,0,0,0,0,0,0,0,0,0,0,0
122479,2020-10-15 14:00:08,8257,79,0,0,1,0,0,0,0,0,0,0,0,0,0,0,0
122487,2020-10-15 14:01:19,8354,80,0,0,0,0,1,0,0,0,0,0,0,0,0,0,0
122552,2020-10-15 14:14:11,9385,79,0,0,1,0,0,0,0,0,0,0,0,0,0,0,0
122576,2020-10-15 14:24:19,10010,79,0,0,1,0,0,0,0,0,0,0,0,0,0,0,0
122590,2020-10-15 14:34:51,10045,77,0,0,1,0,0,0,0,0,0,0,0,0,0,0,0
122725,2020-10-15 15:40:14,10054,75,0,0,1,0,0,0,0,0,0,0,0,0,0,0,0
122731,2020-10-15 15:45:31,10068,75,0,0,0,0,1,0,0,0,0,0,0,0,0,0,0
122864,2020-10-15 16:32:09,10774,74,0,0,1,0,0,0,0,0,0,0,0,0,0,0,0
122865,2020-10-15 16:32:23,10799,74,0,0,0,0,0,0,0,0,0,0,0,0,1,0,0
122866,2020-10-15 16:32:33,10812,73,0,0,0,0,0,0,0,0,0,0,0,0,1,0,0
122946,2020-10-15 16:54:33,12387,72,0,0,0,0,1,0,0,0,0,0,0,0,0,0,0
122965,2020-10-15 17:02:30,12989,73,0,0,0,0,0,0,0,0,0,0,0,0,1,0,0
122966,2020-10-15 17:02:59,12996,71,0,0,0,0,0,0,0,0,0,0,0,0,1,0,0
122968,2020-10-15 17:03:22,13023,72,0,0,0,0,0,0,0,0,0,0,0,0,1,0,0
122971,2020-10-15 17:04:10,13036,71,0,0,0,0,0,0,0,0,0,0,0,0,1,0,0
122972,2020-10-15 17:04:29,13058,72,0,0,0,0,0,0,0,0,0,0,0,0,1,0,0
122973,2020-10-15 17:04:39,13069,72,0,0,0,0,0,0,0,0,0,0,0,0,1,0,0
122974,2020-10-15 17:07:36,13078,72,0,0,0,0,0,0,0,0,0,0,0,0,1,0,0
122985,2020-10-15 17:13:39,13088,70,0,0,0,0,0,0,0,0,0,0,0,0,1,0,0
122986,2020-10-15 17:13:49,13089,71,0,0,0,0,0,0,0,0,0,0,0,0,1,0,0
123020,2020-10-15 17:29:02,13096,70,0,0,0,0,0,0,0,0,0,0,0,0,1,0,0
123027,2020-10-15 17:30:10,13109,71,0,0,1,0,0,0,0,0,0,0,0,0,0,0,0
123032,2020-10-15 17:30:41,13161,70,0,0,0,0,0,0,0,0,0,0,0,0,1,0,0
123033,2020-10-15 17:30:51,13183,70,0,0,0,0,0,0,0,0,0,0,0,0,1,0,0
123034,2020-10-15 17:31:00,13188,70,0,0,0,0,0,0,0,0,0,0,0,0,1,0,0
123036,2020-10-15 17:31:31,13200,69,0,0,0,0,0,0,0,0,0,0,0,0,1,0,0
123038,2020-10-15 17:31:41,13212,70,0,0,0,0,0,0,0,0,0,0,0,0,1,0,0
123039,2020-10-15 17:31:52,13235,70,0,0,0,0,0,0,0,0,0,0,0,0,1,0,0
123041,2020-10-15 17:33:24,13324,70,0,0,0,0,0,0,0,0,0,0,0,0,1,0,0
123055,2020-10-15 17:40:11,13331,70,0,0,1,0,0,0,0,0,0,0,0,0,0,0,0
123107,2020-10-15 18:11:17,13431,68,0,0,0,0,0,0,0,0,0,0,0,0,1,0,0
123108,2020-10-15 18:11:27,13441,69,0,0,0,0,0,0,0,0,0,0,0,0,1,0,0
123110,2020-10-15 18:11:37,13469,70,0,0,0,0,0,0,0,0,0,0,0,0,1,0,0
123111,2020-10-15 18:11:47,13474,68,0,0,0,0,0,0,0,0,0,0,0,0,1,0,0
123112,2020-10-15 18:11:57,13493,69,0,0,0,0,0,0,0,0,0,0,0,0,1,0,0
123114,2020-10-15 18:12:07,13501,68,0,0,0,0,0,0,0,0,0,0,0,0,1,0,0
123117,2020-10-15 18:12:27,13521,69,0,0,0,0,0,0,0,0,0,0,0,0,1,0,0
123118,2020-10-15 18:12:37,13539,69,0,0,0,0,0,0,0,0,0,0,0,0,1,0,0
123119,2020-10-15 18:13:50,13543,69,0,0,0,0,1,0,0,0,0,0,0,0,0,0,0
123247,2020-10-15 19:17:06,13659,66,0,0,0,0,0,0,0,0,0,0,0,0,1,0,0
123248,2020-10-15 19:17:13,13676,66,0,0,0,0,0,0,0,0,0,0,0,0,1,0,0
123252,2020-10-15 19:18:04,13686,67,0,0,0,0,0,0,0,0,0,0,0,0,1,0,0
123254,2020-10-15 19:19:12,13711,66,0,0,0,0,0,0,0,0,0,0,0,0,1,0,0
123255,2020-10-15 19:19:22,13732,66,0,0,0,0,0,0,0,0,0,0,0,0,1,0,0
123256,2020-10-15 19:19:32,13751,67,0,0,0,0,0,0,0,0,0,0,0,0,1,0,0
123257,2020-10-15 19:19:42,13767,67,0,0,0,0,0,0,0,0,0,0,0,0,1,0,0
123259,2020-10-15 19:19:52,13783,66,0,0,0,0,0,0,0,0,0,0,0,0,1,0,0
123260,2020-10-15 19:20:02,13804,67,0,0,0,0,0,0,0,0,0,0,0,0,1,0,0
123269,2020-10-15 19:20:10,13808,66,0,0,0,0,0,0,0,0,0,0,0,0,1,0,0
123286,2020-10-15 19:33:17,13819,67,0,0,0,0,0,0,0,0,0,0,0,0,1,0,0
123287,2020-10-15 19:33:57,13839,66,0,0,0,0,0,0,0,0,0,0,0,0,1,0,0
123288,2020-10-15 19:34:26,13888,67,0,0,0,0,0,0,0,0,0,0,0,0,1,0,0
123289,2020-10-15 19:34:36,13905,66,0,0,0,0,0,0,0,0,0,0,0,0,1,0,0
123290,2020-10-15 19:34:46,13919,66,0,0,0,0,0,0,0,0,0,0,0,0,1,0,0
123291,2020-10-15 19:34:56,13935,66,0,0,0,0,0,0,0,0,0,0,0,0,1,0,0
123292,2020-10-15 19:35:06,13949,66,0,0,0,0,0,0,0,0,0,0,0,0,1,0,0
123293,2020-10-15 19:35:08,13947,66,0,0,1,0,0,0,0,0,0,0,0,0,0,0,0
123294,2020-10-15 19:35:16,13960,66,0,0,0,0,0,0,0,0,0,0,0,0,1,0,0
123296,2020-10-15 19:35:46,13999,66,0,0,0,0,0,0,0,0,0,0,0,0,1,0,0
123297,2020-10-15 19:35:56,14017,66,0,0,0,0,0,0,0,0,0,0,0,0,1,0,0
123298,2020-10-15 19:36:05,14036,66,0,0,0,0,0,0,0,0,0,0,0,0,1,0,0
123299,2020-10-15 19:36:15,14052,66,0,0,0,0,0,0,0,0,0,0,0,0,1,0,0
123300,2020-10-15 19:36:25,14072,66,0,0,0,0,0,0,0,0,0,0,0,0,1,0,0
123305,2020-10-15 19:40:09,14531,66,0,0,1,0,0,0,0,0,0,0,0,0,0,0,0
123310,2020-10-15 19:46:23,14828,66,0,1,0,1,0,0,0,0,0,0,0,0,0,0,0
123313,2020-10-15 19:48:34,14847,66,0,0,0,0,0,0,0,0,0,0,0,1,0,0,0
123319,2020-10-15 19:50:10,14855,66,0,0,1,0,0,0,0,0,0,0,0,0,0,0,0
123332,2020-10-15 20:04:26,14925,66,0,0,1,0,0,0,0,0,0,0,0,0,0,0,0
123345,2020-10-15 20:13:43,14936,66,0,0,0,0,1,0,0,0,0,0,0,0,0,0,0
123358,2020-10-15 20:20:08,14943,65,0,0,1,0,0,0,0,0,0,0,0,0,0,0,0
123367,2020-10-15 20:27:59,14964,64,0,0,0,0,0,0,0,0,0,0,0,1,0,0,0
123373,2020-10-15 20:30:08,14972,65,0,0,1,0,0,0,0,0,0,0,0,0,0,0,0
123443,2020-10-15 21:30:08,15113,63,0,0,1,0,0,0,0,0,0,0,0,0,0,0,0
123456,2020-10-15 21:40:09,15232,63,0,0,1,0,0,0,0,0,0,0,0,0,0,0,0
123469,2020-10-15 21:50:08,15245,71,1,0,1,0,0,0,0,0,0,0,0,0,0,0,0
123492,2020-10-15 22:30:08,15252,99,0,0,1,0,0,0,0,0,0,0,0,0,0,0,0
123502,2020-10-15 22:41:49,15310,98,0,0,0,0,1,0,0,0,0,0,0,0,0,0,0
123543,2020-10-16 01:00:07,18,91,0,0,1,0,0,0,0,0,0,0,0,0,0,0,0
123544,2020-10-16 01:10:07,32,90,0,0,1,0,0,0,0,0,0,0,0,0,0,0,0
123546,2020-10-16 01:20:07,58,90,0,0,1,0,0,0,0,0,0,0,0,0,0,0,0
123548,2020-10-16 01:30:07,65,89,0,0,1,0,0,0,0,0,0,0,0,0,0,0,0
123559,2020-10-16 02:40:07,102,87,0,0,1,0,0,0,0,0,0,0,0,0,0,0,0
123565,2020-10-16 02:50:06,111,87,0,0,1,0,0,0,0,0,0,0,0,0,0,0,0
123583,2020-10-16 04:40:08,118,83,0,0,1,0,0,0,0,0,0,0,0,0,0,0,0
123589,2020-10-16 05:20:07,135,81,0,0,1,0,0,0,0,0,0,0,0,0,0,0,0
123591,2020-10-16 05:22:56,175,81,0,0,0,0,1,0,0,0,0,0,0,0,0,0,0
123593,2020-10-16 05:28:45,196,79,0,1,0,1,0,0,0,0,0,0,0,0,0,0,0
123607,2020-10-16 05:40:09,203,80,0,0,1,0,0,0,0,0,0,0,0,0,0,0,0
123620,2020-10-16 06:00:07,222,79,0,0,1,0,0,0,0,0,0,0,0,0,0,0,0
123640,2020-10-16 06:40:07,253,78,0,0,1,0,0,0,0,0,0,0,0,0,0,0,0
123650,2020-10-16 06:50:08,271,78,0,0,1,0,0,0,0,0,0,0,0,0,0,0,0
123756,2020-10-16 08:00:08,294,74,0,0,1,0,0,0,0,0,0,0,0,0,0,0,0
124720,2020-10-16 13:41:38,6876,64,0,0,0,0,0,0,0,0,0,0,0,0,1,0,0
125038,2020-10-16 15:30:06,6889,59,0,0,1,0,0,0,0,0,0,0,0,0,0,0,0
126058,2020-10-17 07:46:32,131,83,0,0,0,0,0,0,0,0,0,0,0,0,1,0,0
126081,2020-10-17 08:00:08,304,83,0,0,1,0,0,0,0,0,0,0,0,0,0,0,0
126093,2020-10-17 08:10:08,451,83,0,0,1,0,0,0,0,0,0,0,0,0,0,0,0
126108,2020-10-17 08:20:08,474,83,0,0,1,0,0,0,0,0,0,0,0,0,0,0,0
126121,2020-10-17 08:30:06,601,82,0,0,1,0,0,0,0,0,0,0,0,0,0,0,0
126136,2020-10-17 08:44:54,614,81,0,1,0,0,0,0,0,0,0,0,0,0,0,0,1
126139,2020-10-17 08:46:53,621,81,0,0,0,0,0,0,0,0,0,0,0,0,0,0,1
126141,2020-10-17 08:47:30,630,81,0,0,0,0,0,0,0,0,0,0,0,0,0,0,1
126154,2020-10-17 08:56:20,660,81,0,0,0,0,0,0,0,0,0,0,0,1,0,0,0
126177,2020-10-17 09:10:08,692,81,0,0,1,0,0,0,0,0,0,0,0,0,0,0,0
126190,2020-10-17 09:12:40,701,80,0,1,0,1,0,0,0,0,0,0,0,0,0,0,0
126203,2020-10-17 09:20:08,713,81,0,0,1,0,0,0,0,0,0,0,0,0,0,0,0
126207,2020-10-17 09:21:26,720,81,0,1,0,0,0,0,0,0,0,0,0,0,0,0,1
126240,2020-10-17 09:40:08,748,80,0,0,1,0,0,0,0,0,0,0,0,0,0,0,0
126258,2020-10-17 09:44:55,755,78,0,0,0,0,0,0,0,0,0,0,0,0,0,0,1
126261,2020-10-17 09:45:35,776,79,0,1,0,0,0,0,0,0,0,0,0,0,0,0,1
126262,2020-10-17 09:45:49,783,79,0,1,0,1,0,0,0,0,0,0,0,0,0,0,0
126314,2020-10-17 10:05:05,853,77,0,0,0,0,0,0,0,0,0,0,0,0,0,0,1
126342,2020-10-17 10:10:13,954,79,0,0,1,0,0,0,0,0,0,0,0,0,0,0,0
126349,2020-10-17 10:12:37,971,78,0,0,0,0,0,1,0,0,0,0,0,0,0,0,0
126375,2020-10-17 10:20:11,1109,78,0,0,1,0,0,0,0,0,0,0,0,0,0,0,0
126384,2020-10-17 10:25:07,1182,78,0,0,0,0,1,0,0,0,0,0,0,0,0,0,0
126399,2020-10-17 10:30:08,1304,78,0,0,1,0,0,0,0,0,0,0,0,0,0,0,0
126421,2020-10-17 10:39:41,1357,78,0,0,0,0,1,0,0,0,0,0,0,0,0,0,0
126442,2020-10-17 10:42:53,1551,77,0,0,0,0,1,0,0,0,0,0,0,0,0,0,0
126458,2020-10-17 10:48:51,2149,78,0,0,0,0,1,0,0,0,0,0,0,0,0,0,0
126472,2020-10-17 10:50:09,2292,78,0,0,1,0,0,0,0,0,0,0,0,0,0,0,0
126510,2020-10-17 11:00:09,2828,77,0,0,1,0,0,0,0,0,0,0,0,0,0,0,0
126550,2020-10-17 11:10:06,2973,76,0,0,1,0,0,0,0,0,0,0,0,0,0,0,0
126579,2020-10-17 11:20:08,2984,76,0,0,1,0,0,0,0,0,0,0,0,0,0,0,0
126771,2020-10-17 12:20:07,3355,73,0,0,1,0,0,0,0,0,0,0,0,0,0,0,0
126803,2020-10-17 12:30:07,3362,73,0,0,1,0,0,0,0,0,0,0,0,0,0,0,0
126899,2020-10-17 13:00:08,3370,72,0,0,1,0,0,0,0,0,0,0,0,0,0,0,0
126937,2020-10-17 13:10:07,3384,71,0,0,1,0,0,0,0,0,0,0,0,0,0,0,0
126967,2020-10-17 13:20:09,3878,71,0,0,1,0,0,0,0,0,0,0,0,0,0,0,0
126996,2020-10-17 13:30:08,4762,72,0,0,1,0,0,0,0,0,0,0,0,0,0,0,0
127023,2020-10-17 13:40:09,4810,71,0,0,1,0,0,0,0,0,0,0,0,0,0,0,0
127139,2020-10-17 14:29:26,4818,68,0,1,0,0,0,0,0,0,0,0,0,0,0,0,1
127140,2020-10-17 14:29:31,4819,68,0,1,0,0,0,0,0,0,0,0,0,0,0,0,1
127220,2020-10-17 14:50:08,4910,68,0,0,1,0,0,0,0,0,0,0,0,0,0,0,0
127249,2020-10-17 15:00:08,4949,67,0,0,1,0,0,0,0,0,0,0,0,0,0,0,0
127284,2020-10-17 15:10:09,4956,67,0,0,1,0,0,0,0,0,0,0,0,0,0,0,0
127350,2020-10-17 15:35:35,5049,66,0,0,0,0,0,0,0,0,0,0,0,1,0,0,0
127415,2020-10-17 16:00:07,5065,66,0,0,1,0,0,0,0,0,0,0,0,0,0,0,0
127468,2020-10-17 16:20:07,5074,65,0,0,1,0,0,0,0,0,0,0,0,0,0,0,0
127544,2020-10-17 16:50:07,5081,64,0,0,1,0,0,0,0,0,0,0,0,0,0,0,0
127569,2020-10-17 16:59:15,5088,65,0,0,0,0,1,0,0,0,0,0,0,0,0,0,0
127576,2020-10-17 17:00:06,5095,64,0,0,1,0,0,0,0,0,0,0,0,0,0,0,0
127656,2020-10-17 17:29:03,5111,62,0,0,0,0,0,0,0,0,0,0,0,1,0,0,0
127682,2020-10-17 17:36:57,5146,62,0,0,0,0,0,0,0,0,0,0,0,1,0,0,0
127704,2020-10-17 17:50:07,5153,61,0,0,1,0,0,0,0,0,0,0,0,0,0,0,0
127739,2020-10-17 18:00:08,5162,60,0,0,1,0,0,0,0,0,0,0,0,0,0,0,0
127761,2020-10-17 18:10:05,5191,61,0,0,1,0,0,0,0,0,0,0,0,0,0,0,0
127783,2020-10-17 18:15:52,5276,61,0,1,0,0,0,0,0,0,0,0,0,0,0,0,1
127797,2020-10-17 18:20:07,5326,61,0,0,1,0,0,0,0,0,0,0,0,0,0,0,0
127801,2020-10-17 18:20:52,5334,61,0,1,0,0,0,0,0,0,0,0,0,0,0,0,1
127820,2020-10-17 18:30:09,5352,61,0,0,1,0,0,0,0,0,0,0,0,0,0,0,0
127847,2020-10-17 18:40:06,5464,61,0,0,1,0,0,0,0,0,0,0,0,0,0,0,0
127853,2020-10-17 18:42:28,5483,59,0,0,0,0,0,0,0,0,0,0,0,1,0,0,0
127875,2020-10-17 18:50:07,5538,60,0,0,1,0,0,0,0,0,0,0,0,0,0,0,0
127882,2020-10-17 18:57:51,5576,59,0,0,0,0,0,0,0,0,0,0,0,1,0,0,0
127908,2020-10-17 19:05:25,5809,60,0,0,0,0,0,0,0,0,0,0,0,0,1,0,0
127912,2020-10-17 19:07:42,5867,60,0,0,0,0,0,0,0,0,0,0,0,0,1,0,0
127913,2020-10-17 19:07:52,5880,60,0,0,0,0,0,0,0,0,0,0,0,0,1,0,0
127914,2020-10-17 19:08:02,5890,60,0,0,0,0,0,0,0,0,0,0,0,0,1,0,0
127925,2020-10-17 19:10:08,5901,60,0,0,1,0,0,0,0,0,0,0,0,0,0,0,0
128069,2020-10-17 21:38:11,5967,53,0,0,0,0,0,0,0,0,0,0,0,0,1,0,0
128070,2020-10-17 21:38:20,5970,54,0,0,0,0,0,0,0,0,0,0,0,0,1,0,0
128071,2020-10-17 21:38:30,5977,54,0,0,0,0,0,0,0,0,0,0,0,0,1,0,0
128075,2020-10-17 21:40:06,5984,55,0,0,1,0,0,0,0,0,0,0,0,0,0,0,0
128080,2020-10-17 21:42:07,6017,54,0,0,0,0,0,0,0,0,0,0,0,0,1,0,0
128085,2020-10-17 21:44:54,6035,55,0,0,0,0,0,0,0,0,0,0,0,0,1,0,0
128093,2020-10-17 21:50:07,6252,54,0,0,1,0,0,0,0,0,0,0,0,0,0,0,0
128096,2020-10-17 21:53:49,6270,54,0,1,0,1,0,0,0,0,0,0,0,0,0,0,0
128097,2020-10-17 21:58:08,6283,54,0,0,0,0,1,0,0,0,0,0,0,0,0,0,0
128099,2020-10-17 22:02:00,6304,54,0,0,0,0,0,0,0,0,0,0,0,1,0,0,0
128106,2020-10-17 22:30:08,6332,52,0,0,1,0,0,0,0,0,0,0,0,0,0,0,0
128109,2020-10-17 22:50:26,6417,52,0,0,0,0,0,0,0,0,0,0,0,1,0,0,0
128116,2020-10-17 23:16:21,6503,51,0,0,0,0,1,0,0,0,0,0,0,0,0,0,0
128117,2020-10-17 23:20:08,6512,51,0,0,1,0,0,0,0,0,0,0,0,0,0,0,0
128129,2020-10-18 00:20:15,7,99,0,0,1,0,0,0,0,0,0,0,0,0,0,0,0
128131,2020-10-18 00:30:05,18,99,0,0,1,0,0,0,0,0,0,0,0,0,0,0,0
128136,2020-10-18 00:50:06,64,99,0,0,1,0,0,0,0,0,0,0,0,0,0,0,0
128138,2020-10-18 01:00:06,92,98,0,0,1,0,0,0,0,0,0,0,0,0,0,0,0
128146,2020-10-18 01:40:07,108,97,0,0,1,0,0,0,0,0,0,0,0,0,0,0,0
128147,2020-10-18 01:50:06,131,96,0,0,1,0,0,0,0,0,0,0,0,0,0,0,0
128150,2020-10-18 02:20:06,138,95,0,0,1,0,0,0,0,0,0,0,0,0,0,0,0
128152,2020-10-18 02:30:06,146,93,0,0,1,0,0,0,0,0,0,0,0,0,0,0,0
128154,2020-10-18 02:35:38,173,94,0,0,0,0,1,0,0,0,0,0,0,0,0,0,0
128155,2020-10-18 02:40:06,219,94,0,0,1,0,0,0,0,0,0,0,0,0,0,0,0
128156,2020-10-18 02:50:06,226,93,0,0,1,0,0,0,0,0,0,0,0,0,0,0,0
128159,2020-10-18 03:00:06,233,91,0,0,1,0,0,0,0,0,0,0,0,0,0,0,0
128161,2020-10-18 03:10:06,243,92,0,0,1,0,0,0,0,0,0,0,0,0,0,0,0
128186,2020-10-18 05:20:09,250,87,0,0,1,0,0,0,0,0,0,0,0,0,0,0,0
128191,2020-10-18 05:40:08,268,85,0,0,1,0,0,0,0,0,0,0,0,0,0,0,0
128286,2020-10-18 07:20:06,325,83,0,0,1,0,0,0,0,0,0,0,0,0,0,0,0
128290,2020-10-18 07:22:10,355,82,0,1,0,1,0,0,0,0,0,0,0,0,0,0,0
128303,2020-10-18 07:30:09,403,82,0,0,1,0,0,0,0,0,0,0,0,0,0,0,0
128332,2020-10-18 07:40:08,686,81,0,0,1,0,0,0,0,0,0,0,0,0,0,0,0
128396,2020-10-18 08:05:23,810,80,0,1,0,0,0,0,0,0,0,0,0,0,0,0,1
128436,2020-10-18 08:40:09,1463,79,0,0,1,0,0,0,0,0,0,0,0,0,0,0,0
128443,2020-10-18 08:43:39,1593,79,0,0,0,0,0,0,0,0,0,0,0,0,0,0,1
128465,2020-10-18 09:00:07,1719,77,0,0,1,0,0,0,0,0,0,0,0,0,0,0,0
128471,2020-10-18 09:04:22,1792,77,0,0,0,0,1,0,0,0,0,0,0,0,0,0,0
128473,2020-10-18 09:09:38,2380,80,0,0,0,0,1,0,0,0,0,0,0,0,0,0,0
128486,2020-10-18 09:14:06,2753,79,0,0,0,0,0,0,0,0,0,0,0,0,1,0,0
128487,2020-10-18 09:14:16,2770,78,0,0,0,0,0,0,0,0,0,0,0,0,1,0,0
128488,2020-10-18 09:14:26,2786,80,0,0,0,0,0,0,0,0,0,0,0,0,1,0,0
128491,2020-10-18 09:17:53,2939,78,0,0,0,0,0,0,0,0,0,0,0,0,1,0,0
128492,2020-10-18 09:18:03,2942,79,0,0,0,0,0,0,0,0,0,0,0,0,1,0,0
128508,2020-10-18 09:23:31,3145,78,0,0,0,0,0,0,0,0,0,0,0,0,1,0,0
128756,2020-10-18 10:54:38,3327,74,0,0,0,0,0,0,0,0,0,0,0,0,1,0,0
128758,2020-10-18 10:54:47,3333,73,0,0,0,0,0,0,0,0,0,0,0,0,1,0,0
128764,2020-10-18 10:57:45,3418,74,0,0,0,0,0,0,0,0,0,0,0,0,1,0,0
128795,2020-10-18 11:10:35,3875,73,0,0,1,0,0,0,0,0,0,0,0,0,0,0,0
128812,2020-10-18 11:22:02,4090,73,0,1,0,0,0,0,0,0,0,0,0,0,0,0,1
128814,2020-10-18 11:24:49,4117,72,0,1,0,1,0,0,0,0,0,0,0,0,0,0,0
128833,2020-10-18 11:35:41,4127,72,0,0,0,0,0,0,0,0,0,0,0,0,0,0,1
128848,2020-10-18 11:40:07,4134,73,0,0,1,0,0,0,0,0,0,0,0,0,0,0,0
128875,2020-10-18 11:50:07,4159,72,0,0,1,0,0,0,0,0,0,0,0,0,0,0,0
129012,2020-10-18 12:50:07,4166,69,0,0,1,0,0,0,0,0,0,0,0,0,0,0,0
129069,2020-10-18 13:14:30,4183,68,0,0,0,0,0,0,0,0,0,0,0,1,0,0,0
129140,2020-10-18 13:39:27,4194,67,0,1,0,1,0,0,0,0,0,0,0,0,0,0,0
129169,2020-10-18 13:48:26,4202,66,0,0,0,0,1,0,0,0,0,0,0,0,0,0,0
129246,2020-10-18 14:14:14,4360,66,0,0,0,0,0,0,0,0,0,0,0,0,1,0,0
129247,2020-10-18 14:14:23,4372,66,0,0,0,0,0,0,0,0,0,0,0,0,1,0,0
129248,2020-10-18 14:14:34,4378,67,0,0,0,0,0,0,0,0,0,0,0,0,1,0,0
129249,2020-10-18 14:14:44,4385,66,0,0,0,0,0,0,0,0,0,0,0,0,1,0,0
129251,2020-10-18 14:14:54,4396,67,0,0,0,0,0,0,0,0,0,0,0,0,1,0,0
129252,2020-10-18 14:15:03,4411,66,0,0,0,0,0,0,0,0,0,0,0,0,1,0,0
129253,2020-10-18 14:15:23,4422,66,0,0,0,0,0,0,0,0,0,0,0,0,1,0,0
129254,2020-10-18 14:15:33,4431,66,0,0,0,0,0,0,0,0,0,0,0,0,1,0,0
129270,2020-10-18 14:24:16,4474,66,0,0,1,0,0,0,0,0,0,0,0,0,0,0,0
129310,2020-10-18 14:40:06,4481,66,0,0,1,0,0,0,0,0,0,0,0,0,0,0,0
129597,2020-10-18 16:25:03,4993,63,0,0,1,0,0,0,0,0,0,0,0,0,0,0,0
129620,2020-10-18 16:30:06,5040,63,0,0,1,0,0,0,0,0,0,0,0,0,0,0,0
129637,2020-10-18 16:40:06,5059,62,0,0,1,0,0,0,0,0,0,0,0,0,0,0,0
129655,2020-10-18 16:45:29,5185,62,0,0,0,0,0,0,0,0,0,0,0,0,1,0,0
129657,2020-10-18 16:45:38,5195,62,0,0,0,0,0,0,0,0,0,0,0,0,1,0,0
129658,2020-10-18 16:45:48,5203,62,0,0,0,0,0,0,0,0,0,0,0,0,1,0,0
129659,2020-10-18 16:45:58,5219,62,0,0,0,0,0,0,0,0,0,0,0,0,1,0,0
129662,2020-10-18 16:46:18,5236,63,0,0,0,0,0,0,0,0,0,0,0,0,1,0,0
129700,2020-10-18 17:00:06,5345,61,0,0,1,0,0,0,0,0,0,0,0,0,0,0,0
129714,2020-10-18 17:04:12,5362,61,0,0,0,0,1,0,0,0,0,0,0,0,0,0,0
129732,2020-10-18 17:10:06,5397,62,0,0,1,0,0,0,0,0,0,0,0,0,0,0,0
129739,2020-10-18 17:13:38,5480,61,0,1,0,0,0,0,0,0,0,0,0,0,0,0,1
129748,2020-10-18 17:16:41,5523,61,0,1,0,0,0,0,0,0,0,0,0,0,0,0,1
129846,2020-10-18 17:59:57,5540,59,0,0,0,0,0,0,0,0,0,0,0,1,0,0,0
129857,2020-10-18 18:02:03,5548,60,0,0,1,0,0,0,0,0,0,0,0,0,0,0,0
129927,2020-10-18 18:40:07,5560,58,0,0,1,0,0,0,0,0,0,0,0,0,0,0,0
129944,2020-10-18 18:59:57,5567,56,0,1,0,1,0,0,0,0,0,0,0,0,0,0,0
129958,2020-10-18 19:05:33,5583,56,0,1,0,0,0,0,0,0,0,0,0,0,0,0,1
129968,2020-10-18 19:10:06,5601,57,0,0,1,0,0,0,0,0,0,0,0,0,0,0,0
129971,2020-10-18 19:14:54,5611,56,0,1,0,0,0,0,0,0,0,0,0,0,0,0,1
129975,2020-10-18 19:18:25,5626,56,0,1,0,0,0,0,0,0,0,0,0,0,0,0,1
129987,2020-10-18 19:20:05,5647,57,0,0,1,0,0,0,0,0,0,0,0,0,0,0,0
129989,2020-10-18 19:25:40,5659,56,0,1,0,0,0,0,0,0,0,0,0,0,0,0,1
129997,2020-10-18 19:30:07,5683,56,0,0,1,0,0,0,0,0,0,0,0,0,0,0,0
130073,2020-10-18 20:20:05,5691,54,0,0,1,0,0,0,0,0,0,0,0,0,0,0,0
130091,2020-10-18 20:40:43,5699,53,0,0,0,0,0,0,0,0,0,0,0,1,0,0,0
130135,2020-10-18 21:19:08,5738,52,0,0,0,0,0,0,0,0,0,0,0,1,0,0,0
130154,2020-10-18 21:30:04,5782,52,0,0,1,0,0,0,0,0,0,0,0,0,0,0,0
130174,2020-10-18 21:43:03,5816,76,1,0,1,0,0,0,0,0,0,0,0,0,0,0,0
130200,2020-10-18 22:10:05,5862,90,0,0,1,0,0,0,0,0,0,0,0,0,0,0,0
130209,2020-10-18 22:20:10,5893,88,0,0,1,0,0,0,0,0,0,0,0,0,0,0,0
130213,2020-10-18 22:27:10,5903,88,0,0,0,0,1,0,0,0,0,0,0,0,0,0,0
130216,2020-10-18 22:30:05,5953,89,0,0,1,0,0,0,0,0,0,0,0,0,0,0,0
130229,2020-10-18 23:10:05,5960,86,0,0,1,0,0,0,0,0,0,0,0,0,0,0,0
130234,2020-10-18 23:30:06,5967,85,0,0,1,0,0,0,0,0,0,0,0,0,0,0,0
130243,2020-10-19 00:40:08,9,83,0,0,1,0,0,0,0,0,0,0,0,0,0,0,0
130246,2020-10-19 00:55:17,39,82,0,0,0,0,1,0,0,0,0,0,0,0,0,0,0
130247,2020-10-19 01:00:05,47,83,0,0,1,0,0,0,0,0,0,0,0,0,0,0,0
130251,2020-10-19 01:20:06,138,81,0,0,1,0,0,0,0,0,0,0,0,0,0,0,0
130256,2020-10-19 01:40:06,150,80,0,0,1,0,0,0,0,0,0,0,0,0,0,0,0
130261,2020-10-19 03:20:06,157,76,0,0,1,0,0,0,0,0,0,0,0,0,0,0,0
130262,2020-10-19 03:30:05,171,77,0,0,1,0,0,0,0,0,0,0,0,0,0,0,0
130283,2020-10-19 04:50:08,178,74,0,0,1,0,0,0,0,0,0,0,0,0,0,0,0
130284,2020-10-19 04:55:49,209,73,0,0,0,0,1,0,0,0,0,0,0,0,0,0,0
130287,2020-10-19 05:04:01,352,71,0,1,0,1,0,0,0,0,0,0,0,0,0,0,0
130289,2020-10-19 05:10:06,507,73,0,0,1,0,0,0,0,0,0,0,0,0,0,0,0
130294,2020-10-19 05:14:24,655,72,0,0,0,0,0,0,0,0,0,0,0,0,1,0,0
130295,2020-10-19 05:16:12,731,73,0,0,0,0,0,0,0,0,0,0,0,0,1,0,0
130296,2020-10-19 05:16:21,749,72,0,0,0,0,0,0,0,0,0,0,0,0,1,0,0
130297,2020-10-19 05:16:31,754,73,0,0,0,0,0,0,0,0,0,0,0,0,1,0,0
130299,2020-10-19 05:20:06,761,72,0,0,1,0,0,0,0,0,0,0,0,0,0,0,0
130300,2020-10-19 05:26:11,768,73,0,0,0,0,1,0,0,0,0,0,0,0,0,0,0
130322,2020-10-19 06:10:14,775,70,0,0,1,0,0,0,0,0,0,0,0,0,0,0,0
130340,2020-10-19 06:47:51,875,69,0,0,0,0,0,0,0,0,0,0,0,0,1,0,0
130341,2020-10-19 06:48:00,901,69,0,0,0,0,0,0,0,0,0,0,0,0,1,0,0
130342,2020-10-19 06:48:10,920,68,0,0,0,0,0,0,0,0,0,0,0,0,1,0,0
130344,2020-10-19 06:49:48,1115,68,0,0,0,0,0,0,0,0,0,0,0,0,1,0,0
130345,2020-10-19 06:49:58,1136,69,0,0,0,0,0,0,0,0,0,0,0,0,1,0,0
130347,2020-10-19 06:50:07,1151,69,0,0,1,0,0,0,0,0,0,0,0,0,0,0,0
130350,2020-10-19 06:51:06,1287,69,0,0,0,0,0,0,0,0,0,0,0,0,1,0,0
130351,2020-10-19 06:51:16,1309,69,0,0,0,0,0,0,0,0,0,0,0,0,1,0,0
130352,2020-10-19 06:51:27,1330,69,0,0,0,0,0,0,0,0,0,0,0,0,1,0,0
130361,2020-10-19 07:00:06,2019,69,0,0,1,0,0,0,0,0,0,0,0,0,0,0,0
130370,2020-10-19 07:09:03,2034,68,0,0,0,0,0,0,0,0,0,0,0,1,0,0,0
130440,2020-10-19 07:54:25,2042,67,0,0,1,0,0,0,0,0,0,0,0,0,0,0,0
130476,2020-10-19 08:16:25,2051,66,0,0,0,0,0,0,0,0,0,0,0,1,0,0,0
130564,2020-10-19 08:50:06,2171,65,0,0,1,0,0,0,0,0,0,0,0,0,0,0,0
130671,2020-10-19 09:10:07,2401,65,0,0,1,0,0,0,0,0,0,0,0,0,0,0,0
130679,2020-10-19 09:11:15,2408,64,0,1,0,1,0,0,0,0,0,0,0,0,0,0,0
130709,2020-10-19 09:20:05,2492,66,0,0,1,0,0,0,0,0,0,0,0,0,0,0,0
130719,2020-10-19 09:21:05,2501,64,0,0,0,0,0,0,0,0,0,0,0,0,0,1,0
130742,2020-10-19 09:30:07,3063,65,0,0,1,0,0,0,0,0,0,0,0,0,0,0,0
130777,2020-10-19 09:40:25,3849,64,0,0,1,0,0,0,0,0,0,0,0,0,0,0,0
130816,2020-10-19 09:50:08,4684,64,0,0,1,0,0,0,0,0,0,0,0,0,0,0,0
130822,2020-10-19 09:50:50,4743,63,0,0,0,0,0,0,0,0,0,0,0,0,1,0,0
130823,2020-10-19 09:51:00,4757,63,0,0,0,0,0,0,0,0,0,0,0,0,1,0,0
130824,2020-10-19 09:51:09,4770,65,0,0,0,0,0,0,0,0,0,0,0,0,1,0,0
130826,2020-10-19 09:51:28,4794,64,0,0,0,0,0,0,0,0,0,0,0,0,1,0,0
130828,2020-10-19 09:51:38,4801,64,0,0,0,0,0,0,0,0,0,0,0,0,1,0,0
130830,2020-10-19 09:51:50,4819,64,0,0,0,0,0,0,0,0,0,0,0,0,1,0,0
130832,2020-10-19 09:51:58,4832,64,0,0,0,0,0,0,0,0,0,0,0,0,1,0,0
130950,2020-10-19 10:13:34,4937,63,0,0,1,0,0,0,0,0,0,0,0,0,0,0,0
130971,2020-10-19 10:22:03,4968,62,0,0,1,0,0,0,0,0,0,0,0,0,0,0,0
130985,2020-10-19 10:27:43,4986,61,0,0,0,0,1,0,0,0,0,0,0,0,0,0,0
131027,2020-10-19 10:37:16,5020,62,0,0,0,0,1,0,0,0,0,0,0,0,0,0,0
131041,2020-10-19 10:40:08,5243,61,0,0,1,0,0,0,0,0,0,0,0,0,0,0,0
131110,2020-10-19 11:00:05,5517,62,0,0,1,0,0,0,0,0,0,0,0,0,0,0,0
131149,2020-10-19 11:10:06,5666,61,0,0,1,0,0,0,0,0,0,0,0,0,0,0,0
131211,2020-10-19 11:30:07,5787,59,0,0,1,0,0,0,0,0,0,0,0,0,0,0,0
131284,2020-10-19 11:55:24,5945,59,0,0,0,0,1,0,0,0,0,0,0,0,0,0,0
131302,2020-10-19 12:00:07,6003,60,0,0,1,0,0,0,0,0,0,0,0,0,0,0,0
131330,2020-10-19 12:10:08,6059,59,0,0,1,0,0,0,0,0,0,0,0,0,0,0,0
131360,2020-10-19 12:20:07,6112,57,0,0,1,0,0,0,0,0,0,0,0,0,0,0,0
131408,2020-10-19 12:40:07,6180,58,0,0,1,0,0,0,0,0,0,0,0,0,0,0,0
131437,2020-10-19 12:50:05,6259,57,0,0,1,0,0,0,0,0,0,0,0,0,0,0,0
131453,2020-10-19 13:00:06,6343,57,0,0,1,0,0,0,0,0,0,0,0,0,0,0,0
131483,2020-10-19 13:14:25,6394,57,0,0,1,0,0,0,0,0,0,0,0,0,0,0,0
131495,2020-10-19 13:20:08,6415,56,0,0,1,0,0,0,0,0,0,0,0,0,0,0,0
131525,2020-10-19 13:30:06,6564,56,0,0,1,0,0,0,0,0,0,0,0,0,0,0,0
131555,2020-10-19 13:40:07,6845,55,0,0,1,0,0,0,0,0,0,0,0,0,0,0,0
131588,2020-10-19 13:50:20,7412,54,0,0,0,0,0,0,0,0,0,0,0,0,1,0,0
131590,2020-10-19 13:50:21,7413,56,0,0,0,0,0,0,0,0,0,0,0,0,1,0,0
131593,2020-10-19 13:50:30,7430,55,0,0,0,0,0,0,0,0,0,0,0,0,1,0,0
131594,2020-10-19 13:50:41,7443,55,0,0,0,0,0,0,0,0,0,0,0,0,1,0,0
131595,2020-10-19 13:50:52,7456,54,0,0,0,0,0,0,0,0,0,0,0,0,1,0,0
131597,2020-10-19 13:51:03,7467,55,0,0,0,0,0,0,0,0,0,0,0,0,1,0,0
131598,2020-10-19 13:51:14,7486,54,0,0,0,0,0,0,0,0,0,0,0,0,1,0,0
131663,2020-10-19 14:14:19,9240,54,0,0,1,0,0,0,0,0,0,0,0,0,0,0,0
131679,2020-10-19 14:20:05,9257,53,0,0,1,0,0,0,0,0,0,0,0,0,0,0,0
131785,2020-10-19 14:59:32,9318,52,0,0,0,0,0,0,0,0,0,0,0,1,0,0,0
131905,2020-10-19 15:50:12,9384,51,0,0,1,0,0,0,0,0,0,0,0,0,0,0,0
131941,2020-10-19 16:03:14,9395,50,0,0,0,0,0,0,0,0,0,0,0,1,0,0,0
131990,2020-10-19 16:20:43,9412,50,0,0,0,0,0,0,0,0,0,0,0,1,0,0,0
132063,2020-10-19 16:50:07,9429,49,0,0,1,0,0,0,0,0,0,0,0,0,0,0,0
132212,2020-10-19 17:50:56,9452,47,0,0,0,0,0,0,0,0,0,0,0,1,0,0,0
132231,2020-10-19 18:05:06,9482,46,0,0,0,0,0,0,0,0,0,0,0,1,0,0,0
132327,2020-10-19 18:51:36,9614,45,0,0,0,0,0,0,0,0,0,0,0,1,0,0,0
132330,2020-10-19 18:53:03,9655,46,0,0,1,0,0,0,0,0,0,0,0,0,0,0,0
132349,2020-10-19 19:05:50,10266,45,0,1,0,1,0,0,0,0,0,0,0,0,0,0,0
132367,2020-10-19 19:19:26,10291,44,0,1,0,1,0,0,0,0,0,0,0,0,0,0,0
132371,2020-10-19 19:20:06,10299,46,0,0,1,0,0,0,0,0,0,0,0,0,0,0,0
132377,2020-10-19 19:20:38,10309,45,0,1,0,1,0,0,0,0,0,0,0,0,0,0,0
132378,2020-10-19 19:23:41,10331,45,0,1,0,1,0,0,0,0,0,0,0,0,0,0,0
132383,2020-10-19 19:30:05,10367,45,0,0,1,0,0,0,0,0,0,0,0,0,0,0,0
132388,2020-10-19 19:33:06,10374,45,0,1,0,0,0,0,0,0,0,0,0,0,0,0,1
132395,2020-10-19 19:40:11,10401,45,0,0,1,0,0,0,0,0,0,0,0,0,0,0,0
132424,2020-10-19 20:10:12,10408,44,0,0,1,0,0,0,0,0,0,0,0,0,0,0,0
132442,2020-10-19 20:29:15,10416,42,0,0,0,0,0,0,0,0,0,0,0,1,0,0,0
132449,2020-10-19 20:30:19,10424,43,0,0,0,0,1,0,0,0,0,0,0,0,0,0,0
132474,2020-10-19 20:59:22,10432,41,0,0,0,0,0,0,0,0,0,0,0,1,0,0,0
132487,2020-10-19 21:03:06,10439,42,0,1,0,1,0,0,0,0,0,0,0,0,0,0,0
132500,2020-10-19 21:10:07,10507,41,0,0,1,0,0,0,0,0,0,0,0,0,0,0,0
132509,2020-10-19 21:20:07,10553,41,0,0,1,0,0,0,0,0,0,0,0,0,0,0,0
132514,2020-10-19 21:24:01,10572,42,0,0,0,0,1,0,0,0,0,0,0,0,0,0,0
132545,2020-10-19 21:56:40,10579,84,0,0,0,0,1,0,0,0,0,0,0,0,0,0,0
132560,2020-10-19 22:10:06,10614,82,0,0,1,0,0,0,0,0,0,0,0,0,0,0,0
132570,2020-10-19 22:28:45,10639,79,0,0,0,0,1,0,0,0,0,0,0,0,0,0,0
132575,2020-10-19 22:40:08,10672,80,0,0,1,0,0,0,0,0,0,0,0,0,0,0,0
132580,2020-10-19 22:50:07,10707,79,0,0,1,0,0,0,0,0,0,0,0,0,0,0,0
132586,2020-10-19 23:00:06,10722,79,0,0,1,0,0,0,0,0,0,0,0,0,0,0,0
132604,2020-10-20 00:44:35,11,73,0,0,0,0,1,0,0,0,0,0,0,0,0,0,0
132605,2020-10-20 00:46:17,29,73,0,0,0,0,1,0,0,0,0,0,0,0,0,0,0
132606,2020-10-20 00:50:07,37,74,0,0,1,0,0,0,0,0,0,0,0,0,0,0,0
132607,2020-10-20 01:00:05,55,72,0,0,1,0,0,0,0,0,0,0,0,0,0,0,0
132609,2020-10-20 01:10:05,62,73,0,0,1,0,0,0,0,0,0,0,0,0,0,0,0
132611,2020-10-20 01:40:06,75,71,0,0,1,0,0,0,0,0,0,0,0,0,0,0,0
132622,2020-10-20 03:00:06,94,70,0,0,1,0,0,0,0,0,0,0,0,0,0,0,0
132623,2020-10-20 03:10:05,101,68,0,0,1,0,0,0,0,0,0,0,0,0,0,0,0
132626,2020-10-20 03:20:04,111,68,0,0,1,0,0,0,0,0,0,0,0,0,0,0,0
132650,2020-10-20 05:02:31,129,65,0,0,0,0,1,0,0,0,0,0,0,0,0,0,0
132654,2020-10-20 05:10:26,255,66,0,0,1,0,0,0,0,0,0,0,0,0,0,0,0
132660,2020-10-20 05:17:20,540,66,0,0,0,0,0,0,0,0,0,0,0,0,1,0,0
132662,2020-10-20 05:17:48,548,64,0,0,0,0,0,0,0,0,0,0,0,0,1,0,0
132663,2020-10-20 05:18:08,560,65,0,0,0,0,0,0,0,0,0,0,0,0,1,0,0
132664,2020-10-20 05:19:16,613,65,0,0,0,0,0,0,0,0,0,0,0,0,1,0,0
132665,2020-10-20 05:20:05,636,64,0,0,1,0,0,0,0,0,0,0,0,0,0,0,0
132735,2020-10-20 06:50:04,721,61,0,0,0,0,0,0,0,0,0,0,0,0,1,0,0
132737,2020-10-20 06:50:07,723,61,0,0,1,0,0,0,0,0,0,0,0,0,0,0,0
132738,2020-10-20 06:50:14,742,62,0,0,0,0,0,0,0,0,0,0,0,0,1,0,0
132740,2020-10-20 06:50:23,762,62,0,0,0,0,0,0,0,0,0,0,0,0,1,0,0
132741,2020-10-20 06:52:11,975,61,0,0,0,0,0,0,0,0,0,0,0,0,1,0,0
132742,2020-10-20 06:52:21,995,61,0,0,0,0,0,0,0,0,0,0,0,0,1,0,0
132751,2020-10-20 07:03:04,1896,62,0,0,1,0,0,0,0,0,0,0,0,0,0,0,0
132753,2020-10-20 07:05:53,1913,61,0,0,0,0,0,0,0,0,0,0,0,1,0,0,0
132766,2020-10-20 07:12:49,1926,60,0,0,0,0,0,0,0,0,0,0,0,1,0,0,0
132767,2020-10-20 07:13:17,1940,61,0,0,1,0,0,0,0,0,0,0,0,0,0,0,0
132777,2020-10-20 07:20:06,1984,60,0,0,1,0,0,0,0,0,0,0,0,0,0,0,0
132802,2020-10-20 07:33:57,1994,59,0,0,0,0,0,0,0,0,0,0,0,1,0,0,0
132842,2020-10-20 07:50:34,2001,60,0,0,1,0,0,0,0,0,0,0,0,0,0,0,0
132968,2020-10-20 08:46:14,2028,57,0,0,0,0,0,0,0,0,0,0,0,1,0,0,0
133010,2020-10-20 09:06:25,2068,55,0,0,0,0,0,0,0,0,0,0,0,0,0,1,0
133048,2020-10-20 09:20:11,2075,55,0,0,1,0,0,0,0,0,0,0,0,0,0,0,0
133087,2020-10-20 09:40:07,2091,55,0,0,1,0,0,0,0,0,0,0,0,0,0,0,0
133120,2020-10-20 09:53:46,2108,55,0,0,0,0,0,0,0,0,0,0,0,1,0,0,0
133220,2020-10-20 10:41:15,2129,53,0,0,0,0,0,0,0,0,0,0,0,1,0,0,0
133257,2020-10-20 10:50:26,2138,53,0,0,0,0,0,0,0,0,0,0,0,1,0,0,0
133277,2020-10-20 10:56:47,2151,52,0,0,0,0,0,0,0,0,0,0,0,1,0,0,0
133306,2020-10-20 11:05:30,2166,52,0,0,0,0,0,0,0,0,0,0,0,1,0,0,0
133396,2020-10-20 11:30:06,2173,52,0,0,1,0,0,0,0,0,0,0,0,0,0,0,0
133464,2020-10-20 11:54:03,2223,51,0,0,1,0,0,0,0,0,0,0,0,0,0,0,0
133549,2020-10-20 12:24:45,2288,50,0,0,0,0,0,0,0,0,0,0,0,1,0,0,0
133615,2020-10-20 12:40:08,2352,50,0,0,1,0,0,0,0,0,0,0,0,0,0,0,0
133662,2020-10-20 12:50:08,2425,50,0,0,1,0,0,0,0,0,0,0,0,0,0,0,0
133682,2020-10-20 12:59:03,2479,50,0,0,0,0,1,0,0,0,0,0,0,0,0,0,0
133748,2020-10-20 13:10:10,2547,49,0,0,1,0,0,0,0,0,0,0,0,0,0,0,0
133759,2020-10-20 13:16:17,2580,49,0,0,0,0,1,0,0,0,0,0,0,0,0,0,0
133778,2020-10-20 13:20:07,2653,50,0,0,1,0,0,0,0,0,0,0,0,0,0,0,0
133815,2020-10-20 13:30:06,3008,50,0,0,1,0,0,0,0,0,0,0,0,0,0,0,0
133826,2020-10-20 13:31:54,3026,48,0,1,0,1,0,0,0,0,0,0,0,0,0,0,0
133833,2020-10-20 13:35:27,3095,50,0,0,0,0,1,0,0,0,0,0,0,0,0,0,0
133834,2020-10-20 13:35:32,3102,49,0,0,0,0,1,0,0,0,0,0,0,0,0,0,0
133856,2020-10-20 13:40:06,3660,49,0,0,1,0,0,0,0,0,0,0,0,0,0,0,0
133866,2020-10-20 13:46:56,4001,49,0,0,0,0,1,0,0,0,0,0,0,0,0,0,0
133868,2020-10-20 13:48:14,4010,48,0,0,0,0,0,0,0,0,0,0,0,0,1,0,0
133885,2020-10-20 13:51:52,4017,49,0,0,0,0,0,0,0,0,0,0,0,0,1,0,0
133886,2020-10-20 13:52:11,4025,49,0,0,0,0,0,0,0,0,0,0,0,0,1,0,0
133897,2020-10-20 13:55:38,4032,49,0,0,0,0,0,0,0,0,0,0,0,0,1,0,0
133903,2020-10-20 13:58:24,4039,47,0,0,0,0,0,0,0,0,0,0,0,0,1,0,0
133905,2020-10-20 13:59:52,4049,48,0,0,0,0,0,0,0,0,0,0,0,0,1,0,0
133928,2020-10-20 14:03:58,4086,48,0,0,0,0,0,0,0,0,0,0,0,0,1,0,0
133930,2020-10-20 14:04:26,4144,47,0,0,0,0,0,0,0,0,0,0,0,0,1,0,0
133934,2020-10-20 14:07:47,4383,48,0,0,0,0,0,0,0,0,0,0,0,0,1,0,0
133970,2020-10-20 14:18:52,4517,48,0,0,0,0,0,0,0,0,0,0,0,0,1,0,0
133971,2020-10-20 14:19:01,4528,48,0,0,0,0,0,0,0,0,0,0,0,0,1,0,0
133972,2020-10-20 14:19:11,4548,47,0,0,0,0,0,0,0,0,0,0,0,0,1,0,0
133973,2020-10-20 14:19:21,4567,46,0,0,0,0,0,0,0,0,0,0,0,0,1,0,0
133986,2020-10-20 14:20:07,4651,47,0,0,1,0,0,0,0,0,0,0,0,0,0,0,0
136823,2020-10-21 16:36:03,8683,45,0,0,0,0,0,0,0,0,0,0,0,0,1,0,0
136840,2020-10-21 16:40:11,8690,45,0,0,1,0,0,0,0,0,0,0,0,0,0,0,0
136852,2020-10-21 16:46:36,8738,45,0,0,0,0,0,0,0,0,0,0,0,1,0,0,0
137043,2020-10-21 17:53:06,8917,42,0,1,0,0,0,0,0,0,0,0,0,0,0,0,1
137044,2020-10-21 17:53:10,8924,42,0,1,0,0,0,0,0,0,0,0,0,0,0,0,1
137045,2020-10-21 17:53:12,8925,42,0,1,0,0,0,0,0,0,0,0,0,0,0,0,1
137113,2020-10-21 18:16:03,8979,42,0,0,0,0,0,0,0,0,0,0,0,1,0,0,0
137136,2020-10-21 18:30:08,9012,42,0,0,1,0,0,0,0,0,0,0,0,0,0,0,0
137167,2020-10-21 18:43:51,9031,41,0,0,0,0,0,0,0,0,0,0,0,1,0,0,0
137205,2020-10-21 19:03:43,9038,41,0,0,0,0,0,0,0,0,0,0,0,1,0,0,0
137255,2020-10-21 19:30:10,9606,39,0,0,1,0,0,0,0,0,0,0,0,0,0,0,0
137257,2020-10-21 19:31:57,9669,39,0,1,0,0,0,0,0,0,0,0,0,0,0,0,1
137271,2020-10-21 19:40:07,9676,39,0,0,1,0,0,0,0,0,0,0,0,0,0,0,0
137281,2020-10-21 19:50:07,9686,38,0,0,1,0,0,0,0,0,0,0,0,0,0,0,0
137377,2020-10-21 21:00:46,9731,37,0,0,0,0,1,0,0,0,0,0,0,0,0,0,0
137383,2020-10-21 21:10:08,9801,37,0,0,1,0,0,0,0,0,0,0,0,0,0,0,0
137386,2020-10-21 21:11:52,9825,37,0,0,0,0,1,0,0,0,0,0,0,0,0,0,0
137445,2020-10-21 22:20:07,9859,99,0,0,1,0,0,0,0,0,0,0,0,0,0,0,0
137472,2020-10-21 23:00:06,9902,97,0,0,1,0,0,0,0,0,0,0,0,0,0,0,0
137476,2020-10-21 23:10:08,9909,96,0,0,1,0,0,0,0,0,0,0,0,0,0,0,0
137486,2020-10-21 23:30:06,9920,94,0,0,1,0,0,0,0,0,0,0,0,0,0,0,0
137493,2020-10-22 00:10:09,18,92,0,0,1,0,0,0,0,0,0,0,0,0,0,0,0
137516,2020-10-22 02:20:06,26,88,0,0,1,0,0,0,0,0,0,0,0,0,0,0,0
137522,2020-10-22 03:10:07,42,85,0,0,1,0,0,0,0,0,0,0,0,0,0,0,0
137557,2020-10-22 05:03:40,55,81,0,0,0,0,1,0,0,0,0,0,0,0,0,0,0
137564,2020-10-22 05:14:33,524,82,0,0,0,0,1,0,0,0,0,0,0,0,0,0,0
137565,2020-10-22 05:14:44,533,82,0,0,0,0,0,0,0,0,0,0,0,0,1,0,0
137567,2020-10-22 05:17:00,598,82,0,0,0,0,0,0,0,0,0,0,0,0,1,0,0
137568,2020-10-22 05:17:11,615,82,0,0,0,0,0,0,0,0,0,0,0,0,1,0,0
137569,2020-10-22 05:17:20,627,81,0,0,0,0,0,0,0,0,0,0,0,0,1,0,0
137570,2020-10-22 05:20:06,644,81,0,0,1,0,0,0,0,0,0,0,0,0,0,0,0
137616,2020-10-22 06:47:08,716,79,0,0,0,0,0,0,0,0,0,0,0,0,1,0,0
137617,2020-10-22 06:47:27,741,78,0,0,0,0,0,0,0,0,0,0,0,0,1,0,0
137618,2020-10-22 06:49:14,960,78,0,0,0,0,0,0,0,0,0,0,0,0,1,0,0
137619,2020-10-22 06:49:23,979,77,0,0,0,0,0,0,0,0,0,0,0,0,1,0,0
137625,2020-10-22 06:50:42,1140,78,0,0,0,0,0,0,0,0,0,0,0,0,1,0,0
137626,2020-10-22 06:52:22,1228,77,0,0,1,0,0,0,0,0,0,0,0,0,0,0,0
137630,2020-10-22 07:00:07,1891,78,0,0,1,0,0,0,0,0,0,0,0,0,0,0,0
137655,2020-10-22 07:17:51,1943,75,0,0,0,0,0,0,0,0,0,0,0,1,0,0,0
137699,2020-10-22 07:30:04,1950,75,0,0,0,0,0,0,0,0,0,0,0,1,0,0,0
137766,2020-10-22 07:44:02,1968,76,0,0,0,0,0,0,0,0,0,0,0,0,0,1,0
137787,2020-10-22 07:57:09,2006,74,0,0,0,0,0,0,0,0,0,0,0,1,0,0,0
137810,2020-10-22 08:05:03,2017,75,0,0,1,0,0,0,0,0,0,0,0,0,0,0,0
137825,2020-10-22 08:13:22,2027,74,0,1,0,1,0,0,0,0,0,0,0,0,0,0,0
137827,2020-10-22 08:15:00,2034,74,0,1,0,1,0,0,0,0,0,0,0,0,0,0,0
137840,2020-10-22 08:23:11,2042,73,0,1,0,1,0,0,0,0,0,0,0,0,0,0,0
137877,2020-10-22 08:43:06,2049,73,0,0,1,0,0,0,0,0,0,0,0,0,0,0,0
137880,2020-10-22 08:48:28,2060,71,0,1,0,1,0,0,0,0,0,0,0,0,0,0,0
137912,2020-10-22 09:04:09,2073,72,0,0,1,0,0,0,0,0,0,0,0,0,0,0,0
138049,2020-10-22 09:52:08,2081,69,0,0,0,0,0,0,0,0,0,0,0,1,0,0,0
138088,2020-10-22 10:03:47,2096,70,0,0,0,0,1,0,0,0,0,0,0,0,0,0,0
138096,2020-10-22 10:07:11,2112,70,0,0,0,0,0,0,0,0,0,0,0,1,0,0,0
138181,2020-10-22 10:32:46,2158,69,0,0,0,0,0,0,0,0,0,0,0,1,0,0,0
138192,2020-10-22 10:36:09,2177,68,0,0,0,0,0,0,0,0,0,0,0,0,0,1,0
138208,2020-10-22 10:40:08,2250,69,0,0,1,0,0,0,0,0,0,0,0,0,0,0,0
138220,2020-10-22 10:41:39,2260,68,0,0,0,0,0,0,0,0,0,0,0,1,0,0,0
138260,2020-10-22 10:49:56,2270,68,0,0,0,0,0,0,0,0,0,0,0,1,0,0,0
138310,2020-10-22 10:55:54,2287,69,0,0,0,0,1,0,0,0,0,0,0,0,0,0,0
138327,2020-10-22 11:00:07,2299,68,0,0,1,0,0,0,0,0,0,0,0,0,0,0,0
138412,2020-10-22 11:40:07,2626,66,0,0,1,0,0,0,0,0,0,0,0,0,0,0,0
138459,2020-10-22 12:00:09,2939,66,0,0,1,0,0,0,0,0,0,0,0,0,0,0,0
138481,2020-10-22 12:08:40,3034,66,0,0,0,0,1,0,0,0,0,0,0,0,0,0,0
138494,2020-10-22 12:10:08,3074,66,0,0,1,0,0,0,0,0,0,0,0,0,0,0,0
138527,2020-10-22 12:20:06,3200,66,0,0,1,0,0,0,0,0,0,0,0,0,0,0,0
138546,2020-10-22 12:30:03,3240,65,0,0,0,0,0,0,0,0,0,0,0,1,0,0,0
138565,2020-10-22 12:36:06,3267,65,0,0,0,0,0,0,0,0,0,0,0,1,0,0,0
138596,2020-10-22 12:44:04,3290,65,0,0,1,0,0,0,0,0,0,0,0,0,0,0,0
138597,2020-10-22 12:44:28,3300,64,0,0,0,0,1,0,0,0,0,0,0,0,0,0,0
138598,2020-10-22 12:45:03,3324,65,0,0,0,0,0,0,0,0,0,0,0,1,0,0,0
138612,2020-10-22 12:50:08,3395,65,0,0,1,0,0,0,0,0,0,0,0,0,0,0,0
138646,2020-10-22 13:02:17,4548,65,0,0,0,0,0,0,0,0,0,0,0,0,1,0,0
138648,2020-10-22 13:02:27,4560,65,0,0,0,0,0,0,0,0,0,0,0,0,1,0,0
138649,2020-10-22 13:02:37,4571,64,0,0,0,0,0,0,0,0,0,0,0,0,1,0,0
138650,2020-10-22 13:02:47,4584,64,0,0,0,0,0,0,0,0,0,0,0,0,1,0,0
138651,2020-10-22 13:03:35,4596,65,0,0,0,0,0,0,0,0,0,0,0,0,1,0,0
138652,2020-10-22 13:04:25,4615,64,0,0,0,0,0,0,0,0,0,0,0,0,1,0,0
138653,2020-10-22 13:04:35,4628,64,0,0,0,0,0,0,0,0,0,0,0,0,1,0,0
138654,2020-10-22 13:05:05,4671,65,0,0,0,0,0,0,0,0,0,0,0,0,1,0,0
138655,2020-10-22 13:05:13,4686,65,0,0,0,0,0,0,0,0,0,0,0,0,1,0,0
138656,2020-10-22 13:05:23,4700,65,0,0,0,0,0,0,0,0,0,0,0,0,1,0,0
138657,2020-10-22 13:05:34,4708,65,0,0,0,0,0,0,0,0,0,0,0,0,1,0,0
138658,2020-10-22 13:06:03,4715,65,0,0,0,0,0,0,0,0,0,0,0,0,1,0,0
138659,2020-10-22 13:06:22,4729,63,0,0,0,0,0,0,0,0,0,0,0,0,1,0,0
138661,2020-10-22 13:06:33,4733,64,0,0,0,0,0,0,0,0,0,0,0,0,1,0,0
138665,2020-10-22 13:09:49,4740,64,0,0,0,0,0,0,0,0,0,0,0,0,1,0,0
138681,2020-10-22 13:14:34,4764,63,0,0,0,0,0,0,0,0,0,0,0,0,1,0,0
138683,2020-10-22 13:14:54,4783,64,0,0,0,0,0,0,0,0,0,0,0,0,1,0,0
138684,2020-10-22 13:15:03,4791,65,0,0,0,0,0,0,0,0,0,0,0,0,1,0,0
138685,2020-10-22 13:15:13,4812,65,0,0,0,0,0,0,0,0,0,0,0,0,1,0,0
138687,2020-10-22 13:16:23,4836,64,0,0,0,0,0,0,0,0,0,0,0,0,1,0,0
138689,2020-10-22 13:16:32,4854,66,0,0,0,0,0,0,0,0,0,0,0,0,1,0,0
138691,2020-10-22 13:16:42,4872,65,0,0,0,0,0,0,0,0,0,0,0,0,1,0,0
138694,2020-10-22 13:16:52,4891,64,0,0,0,0,0,0,0,0,0,0,0,0,1,0,0
138697,2020-10-22 13:17:02,4896,64,0,0,0,0,0,0,0,0,0,0,0,0,1,0,0
138719,2020-10-22 13:22:47,5332,64,0,0,1,0,0,0,0,0,0,0,0,0,0,0,0
138728,2020-10-22 13:30:07,5776,65,0,0,1,0,0,0,0,0,0,0,0,0,0,0,0
138966,2020-10-22 14:50:09,5879,60,0,0,1,0,0,0,0,0,0,0,0,0,0,0,0
138987,2020-10-22 15:00:07,6488,61,0,0,1,0,0,0,0,0,0,0,0,0,0,0,0
139003,2020-10-22 15:10:08,6631,61,0,0,1,0,0,0,0,0,0,0,0,0,0,0,0
139023,2020-10-22 15:20:09,7051,60,0,0,1,0,0,0,0,0,0,0,0,0,0,0,0
139036,2020-10-22 15:27:23,7412,59,0,0,0,0,1,0,0,0,0,0,0,0,0,0,0
139046,2020-10-22 15:30:09,7658,60,0,0,1,0,0,0,0,0,0,0,0,0,0,0,0
139068,2020-10-22 15:40:12,8490,60,0,0,1,0,0,0,0,0,0,0,0,0,0,0,0
139089,2020-10-22 15:50:08,9339,59,0,0,1,0,0,0,0,0,0,0,0,0,0,0,0
139151,2020-10-22 16:12:39,11034,59,0,0,1,0,0,0,0,0,0,0,0,0,0,0,0
139174,2020-10-22 16:20:06,11538,58,0,0,1,0,0,0,0,0,0,0,0,0,0,0,0
139183,2020-10-22 16:23:59,11650,57,0,0,0,0,0,0,0,0,0,0,0,0,1,0,0
139219,2020-10-22 16:35:02,12423,58,0,0,0,0,1,0,0,0,0,0,0,0,0,0,0
139224,2020-10-22 16:36:12,12538,58,0,0,0,0,0,0,0,0,0,0,0,0,1,0,0
139238,2020-10-22 16:40:09,12932,58,0,0,1,0,0,0,0,0,0,0,0,0,0,0,0
139313,2020-10-22 17:02:39,14643,57,0,1,0,1,0,0,0,0,0,0,0,0,0,0,0
139316,2020-10-22 17:04:17,14688,57,0,0,1,0,0,0,0,0,0,0,0,0,0,0,0
139321,2020-10-22 17:09:50,14695,55,0,0,0,0,1,0,0,0,0,0,0,0,0,0,0
139354,2020-10-22 17:20:37,14839,56,0,0,1,0,0,0,0,0,0,0,0,0,0,0,0
139404,2020-10-22 17:40:09,14848,55,0,0,1,0,0,0,0,0,0,0,0,0,0,0,0
139510,2020-10-22 18:34:01,14881,53,0,0,1,0,0,0,0,0,0,0,0,0,0,0,0
139518,2020-10-22 18:39:59,14926,53,0,0,0,0,0,0,0,0,0,0,0,1,0,0,0
139558,2020-10-22 19:00:08,14933,52,0,0,1,0,0,0,0,0,0,0,0,0,0,0,0
139616,2020-10-22 19:30:06,14963,52,0,0,1,0,0,0,0,0,0,0,0,0,0,0,0
139631,2020-10-22 19:40:06,14970,50,0,0,1,0,0,0,0,0,0,0,0,0,0,0,0
139725,2020-10-22 20:40:08,14977,50,0,0,1,0,0,0,0,0,0,0,0,0,0,0,0
139765,2020-10-22 21:13:13,15079,49,0,0,0,0,1,0,0,0,0,0,0,0,0,0,0
139774,2020-10-22 21:20:08,15100,48,0,0,1,0,0,0,0,0,0,0,0,0,0,0,0
139794,2020-10-22 21:30:06,15117,48,0,0,1,0,0,0,0,0,0,0,0,0,0,0,0
139850,2020-10-22 22:20:06,15133,99,0,0,1,0,0,0,0,0,0,0,0,0,0,0,0
139857,2020-10-22 22:30:07,15140,99,0,0,1,0,0,0,0,0,0,0,0,0,0,0,0
139896,2020-10-22 23:40:06,15169,94,0,0,1,0,0,0,0,0,0,0,0,0,0,0,0
139900,2020-10-22 23:50:08,15179,94,0,0,1,0,0,0,0,0,0,0,0,0,0,0,0
139905,2020-10-23 00:10:08,7,92,0,0,1,0,0,0,0,0,0,0,0,0,0,0,0
139906,2020-10-23 00:20:07,36,92,0,0,1,0,0,0,0,0,0,0,0,0,0,0,0
139910,2020-10-23 00:30:07,48,91,0,0,1,0,0,0,0,0,0,0,0,0,0,0,0
139913,2020-10-23 00:40:07,59,91,0,0,1,0,0,0,0,0,0,0,0,0,0,0,0
139924,2020-10-23 01:10:06,76,90,0,0,1,0,0,0,0,0,0,0,0,0,0,0,0
139953,2020-10-23 03:40:08,91,83,0,0,1,0,0,0,0,0,0,0,0,0,0,0,0
139956,2020-10-23 03:50:05,168,84,0,0,1,0,0,0,0,0,0,0,0,0,0,0,0
139962,2020-10-23 04:00:06,177,83,0,0,1,0,0,0,0,0,0,0,0,0,0,0,0
139967,2020-10-23 04:10:06,187,83,0,0,1,0,0,0,0,0,0,0,0,0,0,0,0
139970,2020-10-23 04:20:06,201,82,0,0,1,0,0,0,0,0,0,0,0,0,0,0,0
139976,2020-10-23 04:40:08,209,82,0,0,1,0,0,0,0,0,0,0,0,0,0,0,0
139984,2020-10-23 05:09:16,581,81,0,1,0,1,0,0,0,0,0,0,0,0,0,0,0
139987,2020-10-23 05:10:08,625,81,0,0,1,0,0,0,0,0,0,0,0,0,0,0,0
139989,2020-10-23 05:14:26,844,81,0,0,0,0,0,0,0,0,0,0,0,0,1,0,0
139990,2020-10-23 05:15:05,855,81,0,0,0,0,0,0,0,0,0,0,0,0,1,0,0
139991,2020-10-23 05:16:05,896,80,0,0,0,0,0,0,0,0,0,0,0,0,1,0,0
139992,2020-10-23 05:16:14,919,81,0,0,0,0,0,0,0,0,0,0,0,0,1,0,0
139993,2020-10-23 05:16:23,936,81,0,0,0,0,0,0,0,0,0,0,0,0,1,0,0
144343,2020-10-25 10:58:44,2991,71,0,0,0,0,0,0,0,0,0,0,0,0,1,0,0
144373,2020-10-25 11:20:05,2998,69,0,0,1,0,0,0,0,0,0,0,0,0,0,0,0
144450,2020-10-25 12:10:07,3267,69,0,0,1,0,0,0,0,0,0,0,0,0,0,0,0
144468,2020-10-25 12:20:05,3771,68,0,0,1,0,0,0,0,0,0,0,0,0,0,0,0
144501,2020-10-25 12:40:08,4593,68,0,0,1,0,0,0,0,0,0,0,0,0,0,0,0
144511,2020-10-25 12:44:04,4600,66,0,0,0,0,0,0,0,0,0,0,0,0,0,1,0
144539,2020-10-25 12:59:37,4617,66,0,0,0,0,0,0,0,0,0,0,0,1,0,0,0
144554,2020-10-25 13:08:22,4672,66,0,0,0,0,1,0,0,0,0,0,0,0,0,0,0
144559,2020-10-25 13:10:06,4735,66,0,0,1,0,0,0,0,0,0,0,0,0,0,0,0
144566,2020-10-25 13:15:51,5095,66,0,0,0,0,0,0,0,0,0,0,0,0,1,0,0
144577,2020-10-25 13:21:24,5114,66,0,0,0,0,0,0,0,0,0,0,0,0,1,0,0
144578,2020-10-25 13:21:34,5133,67,0,0,0,0,0,0,0,0,0,0,0,0,1,0,0
144580,2020-10-25 13:21:45,5153,66,0,0,0,0,0,0,0,0,0,0,0,0,1,0,0
144581,2020-10-25 13:21:55,5171,66,0,0,0,0,0,0,0,0,0,0,0,0,1,0,0
144598,2020-10-25 13:30:05,5929,66,0,0,1,0,0,0,0,0,0,0,0,0,0,0,0
144625,2020-10-25 13:40:06,7061,66,0,0,1,0,0,0,0,0,0,0,0,0,0,0,0
144650,2020-10-25 13:50:05,8047,66,0,0,1,0,0,0,0,0,0,0,0,0,0,0,0
144657,2020-10-25 13:55:30,8518,65,0,0,0,0,0,0,0,0,0,0,0,0,1,0,0
144666,2020-10-25 13:57:37,8734,64,0,0,0,0,1,0,0,0,0,0,0,0,0,0,0
144667,2020-10-25 13:57:40,8737,66,0,0,0,0,1,0,0,0,0,0,0,0,0,0,0
144671,2020-10-25 13:58:17,8786,66,0,0,0,0,1,0,0,0,0,0,0,0,0,0,0
144674,2020-10-25 13:58:30,8803,66,0,0,0,0,1,0,0,0,0,0,0,0,0,0,0
144676,2020-10-25 13:58:44,8826,64,0,0,0,0,0,1,0,0,0,0,0,0,0,0,0
144679,2020-10-25 13:59:03,8859,65,0,0,0,0,0,1,0,0,0,0,0,0,0,0,0
144682,2020-10-25 13:59:39,8914,65,0,0,0,0,1,0,0,0,0,0,0,0,0,0,0
144689,2020-10-25 14:00:06,8960,66,0,0,1,0,0,0,0,0,0,0,0,0,0,0,0
144746,2020-10-25 14:10:06,9171,66,0,0,1,0,0,0,0,0,0,0,0,0,0,0,0
144772,2020-10-25 14:20:06,10301,65,0,0,1,0,0,0,0,0,0,0,0,0,0,0,0
144811,2020-10-25 14:40:09,11674,64,0,0,1,0,0,0,0,0,0,0,0,0,0,0,0
144835,2020-10-25 14:50:10,12428,64,0,0,1,0,0,0,0,0,0,0,0,0,0,0,0
144837,2020-10-25 14:50:27,12462,64,0,0,0,0,1,0,0,0,0,0,0,0,0,0,0
144843,2020-10-25 14:56:55,12982,63,0,0,0,0,1,0,0,0,0,0,0,0,0,0,0
144856,2020-10-25 15:00:07,13195,63,0,0,1,0,0,0,0,0,0,0,0,0,0,0,0
144870,2020-10-25 15:10:05,14010,64,0,0,1,0,0,0,0,0,0,0,0,0,0,0,0
144887,2020-10-25 15:20:04,15081,63,0,0,1,0,0,0,0,0,0,0,0,0,0,0,0
144893,2020-10-25 15:21:46,15212,63,0,0,0,0,1,0,0,0,0,0,0,0,0,0,0
144930,2020-10-25 15:40:05,16401,62,0,0,1,0,0,0,0,0,0,0,0,0,0,0,0
144941,2020-10-25 15:42:30,16414,63,0,0,0,0,1,0,0,0,0,0,0,0,0,0,0
144951,2020-10-25 15:50:06,16856,62,0,0,1,0,0,0,0,0,0,0,0,0,0,0,0
144968,2020-10-25 16:00:08,17782,62,0,0,1,0,0,0,0,0,0,0,0,0,0,0,0
144980,2020-10-25 16:10:08,18064,61,0,0,1,0,0,0,0,0,0,0,0,0,0,0,0
144997,2020-10-25 16:20:05,18237,60,0,0,1,0,0,0,0,0,0,0,0,0,0,0,0
145020,2020-10-25 16:30:07,19270,61,0,0,1,0,0,0,0,0,0,0,0,0,0,0,0
145039,2020-10-25 16:40:07,20220,60,0,0,1,0,0,0,0,0,0,0,0,0,0,0,0
145046,2020-10-25 16:44:23,20640,60,0,0,0,0,1,0,0,0,0,0,0,0,0,0,0
145047,2020-10-25 16:44:25,20643,60,0,0,0,0,0,1,0,0,0,0,0,0,0,0,0
145064,2020-10-25 16:50:06,21059,60,0,0,1,0,0,0,0,0,0,0,0,0,0,0,0
145068,2020-10-25 16:50:53,21085,60,0,0,0,0,1,0,0,0,0,0,0,0,0,0,0
145083,2020-10-25 17:00:05,21126,60,0,0,1,0,0,0,0,0,0,0,0,0,0,0,0
145141,2020-10-25 17:37:17,21222,58,0,0,0,0,0,0,0,0,0,0,0,1,0,0,0
145170,2020-10-25 17:58:54,21230,56,0,0,0,0,0,0,0,0,0,0,0,0,1,0,0
145196,2020-10-25 18:13:13,21498,55,0,1,0,1,0,0,0,0,0,0,0,0,0,0,0
145256,2020-10-25 18:53:34,21831,53,0,0,0,0,0,0,0,0,0,0,0,1,0,0,0
145270,2020-10-25 19:05:18,21873,53,0,1,0,1,0,0,0,0,0,0,0,0,0,0,0
145272,2020-10-25 19:06:06,21881,54,0,0,0,0,1,0,0,0,0,0,0,0,0,0,0
145287,2020-10-25 19:20:06,21924,52,0,0,1,0,0,0,0,0,0,0,0,0,0,0,0
145332,2020-10-25 20:00:12,21974,52,0,0,1,0,0,0,0,0,0,0,0,0,0,0,0
145333,2020-10-25 20:01:33,21981,52,0,0,0,0,0,0,0,0,0,0,0,1,0,0,0
145334,2020-10-25 20:01:57,21991,51,0,0,0,0,0,1,0,0,0,0,0,0,0,0,0
145363,2020-10-25 20:40:10,22016,51,0,0,1,0,0,0,0,0,0,0,0,0,0,0,0
145364,2020-10-25 20:42:49,22034,50,0,0,0,0,0,0,0,0,0,0,0,1,0,0,0
145387,2020-10-25 21:40:07,22087,66,1,0,1,0,0,0,0,0,0,0,0,0,0,0,0
145412,2020-10-25 22:18:13,22142,99,0,0,0,0,1,0,0,0,0,0,0,0,0,0,0
145419,2020-10-25 22:30:04,22243,99,0,0,1,0,0,0,0,0,0,0,0,0,0,0,0
145427,2020-10-25 22:40:04,22256,97,0,0,1,0,0,0,0,0,0,0,0,0,0,0,0
145440,2020-10-25 23:10:05,22265,95,0,0,1,0,0,0,0,0,0,0,0,0,0,0,0
145445,2020-10-25 23:20:04,22278,93,0,0,1,0,0,0,0,0,0,0,0,0,0,0,0
145449,2020-10-25 23:30:05,22354,94,0,0,1,0,0,0,0,0,0,0,0,0,0,0,0
145451,2020-10-25 23:40:04,22361,93,0,0,1,0,0,0,0,0,0,0,0,0,0,0,0
145457,2020-10-26 00:20:06,8,92,0,0,1,0,0,0,0,0,0,0,0,0,0,0,0
145469,2020-10-26 01:00:05,17,90,0,0,1,0,0,0,0,0,0,0,0,0,0,0,0
145472,2020-10-26 01:20:06,40,89,0,0,1,0,0,0,0,0,0,0,0,0,0,0,0
145474,2020-10-26 01:30:05,47,88,0,0,1,0,0,0,0,0,0,0,0,0,0,0,0
145485,2020-10-26 03:03:56,63,85,0,0,0,0,1,0,0,0,0,0,0,0,0,0,0
145501,2020-10-26 04:20:06,70,82,0,0,1,0,0,0,0,0,0,0,0,0,0,0,0
145510,2020-10-26 04:50:04,97,82,0,0,1,0,0,0,0,0,0,0,0,0,0,0,0
145513,2020-10-26 04:57:15,104,82,0,0,0,0,1,0,0,0,0,0,0,0,0,0,0
145516,2020-10-26 05:01:15,179,79,0,1,0,1,0,0,0,0,0,0,0,0,0,0,0
145518,2020-10-26 05:10:04,428,80,0,0,1,0,0,0,0,0,0,0,0,0,0,0,0
145521,2020-10-26 05:17:22,518,79,0,0,0,0,0,0,0,0,0,0,0,0,1,0,0
145522,2020-10-26 05:18:01,526,81,0,0,0,0,0,0,0,0,0,0,0,0,1,0,0
145523,2020-10-26 05:19:20,607,80,0,0,0,0,0,0,0,0,0,0,0,0,1,0,0
145524,2020-10-26 05:19:29,622,81,0,0,0,0,0,0,0,0,0,0,0,0,1,0,0
145528,2020-10-26 05:27:33,638,79,0,0,0,0,1,0,0,0,0,0,0,0,0,0,0
145576,2020-10-26 06:52:25,741,76,0,0,0,0,0,0,0,0,0,0,0,0,1,0,0
145577,2020-10-26 06:52:35,758,77,0,0,0,0,0,0,0,0,0,0,0,0,1,0,0
145578,2020-10-26 06:52:43,777,76,0,0,0,0,0,0,0,0,0,0,0,0,1,0,0
145580,2020-10-26 06:54:22,975,77,0,0,0,0,0,0,0,0,0,0,0,0,1,0,0
145581,2020-10-26 06:54:31,996,78,0,0,0,0,0,0,0,0,0,0,0,0,1,0,0
145582,2020-10-26 06:55:41,1143,75,0,0,0,0,0,0,0,0,0,0,0,0,1,0,0
145583,2020-10-26 06:55:51,1164,75,0,0,0,0,0,0,0,0,0,0,0,0,1,0,0
145587,2020-10-26 07:00:06,1393,77,0,0,1,0,0,0,0,0,0,0,0,0,0,0,0
145592,2020-10-26 07:07:10,1897,76,0,0,0,0,0,0,0,0,0,0,0,0,1,0,0
145597,2020-10-26 07:10:10,1904,77,0,0,1,0,0,0,0,0,0,0,0,0,0,0,0
145604,2020-10-26 07:21:32,1929,75,0,0,0,0,0,0,0,0,0,0,0,1,0,0,0
145612,2020-10-26 07:30:03,1963,74,0,0,1,0,0,0,0,0,0,0,0,0,0,0,0
145628,2020-10-26 07:40:04,2010,75,0,0,1,0,0,0,0,0,0,0,0,0,0,0,0
145651,2020-10-26 07:48:18,2061,74,0,0,0,0,0,0,0,0,0,0,0,1,0,0,0
145676,2020-10-26 08:00:07,2075,74,0,0,1,0,0,0,0,0,0,0,0,0,0,0,0
145692,2020-10-26 08:10:06,2094,74,0,0,1,0,0,0,0,0,0,0,0,0,0,0,0
145722,2020-10-26 08:30:05,2115,73,0,0,1,0,0,0,0,0,0,0,0,0,0,0,0
145738,2020-10-26 08:45:57,2122,73,0,0,0,0,0,0,0,0,0,0,0,1,0,0,0
145739,2020-10-26 08:46:27,2129,71,0,0,0,0,0,0,0,0,0,0,0,1,0,0,0
145848,2020-10-26 09:36:37,2138,70,0,0,0,0,0,0,0,0,0,0,0,1,0,0,0
145931,2020-10-26 10:00:05,2194,70,0,0,1,0,0,0,0,0,0,0,0,0,0,0,0
145939,2020-10-26 10:04:52,2217,69,0,1,0,1,0,0,0,0,0,0,0,0,0,0,0
145957,2020-10-26 10:10:05,2232,69,0,0,1,0,0,0,0,0,0,0,0,0,0,0,0
146053,2020-10-26 10:50:56,2316,67,0,0,0,0,0,0,0,0,0,0,0,1,0,0,0
146057,2020-10-26 10:52:17,2323,67,0,0,1,0,0,0,0,0,0,0,0,0,0,0,0
146061,2020-10-26 10:55:54,2332,68,0,0,0,0,0,0,0,0,0,0,0,1,0,0,0
146089,2020-10-26 11:03:25,2410,68,0,0,0,0,0,0,0,0,1,0,0,0,0,0,0
146107,2020-10-26 11:10:05,2420,67,0,0,1,0,0,0,0,0,0,0,0,0,0,0,0
146146,2020-10-26 11:29:54,2455,66,0,0,0,0,0,0,0,0,0,0,0,1,0,0,0
146243,2020-10-26 11:50:06,2478,66,0,0,1,0,0,0,0,0,0,0,0,0,0,0,0
146283,2020-10-26 12:00:06,2492,66,0,0,1,0,0,0,0,0,0,0,0,0,0,0,0
146335,2020-10-26 12:16:59,2557,65,0,1,0,1,0,0,0,0,0,0,0,0,0,0,0
146383,2020-10-26 12:30:04,2581,64,0,0,1,0,0,0,0,0,0,0,0,0,0,0,0
146405,2020-10-26 12:40:04,2590,65,0,0,1,0,0,0,0,0,0,0,0,0,0,0,0
146461,2020-10-26 12:50:05,2597,65,0,0,1,0,0,0,0,0,0,0,0,0,0,0,0
146475,2020-10-26 12:55:03,2607,64,0,0,0,0,1,0,0,0,0,0,0,0,0,0,0
146488,2020-10-26 13:00:05,2617,64,0,0,1,0,0,0,0,0,0,0,0,0,0,0,0
146556,2020-10-26 13:20:04,2624,64,0,0,1,0,0,0,0,0,0,0,0,0,0,0,0
146599,2020-10-26 13:30:06,2660,62,0,0,1,0,0,0,0,0,0,0,0,0,0,0,0
146627,2020-10-26 13:40:06,2751,63,0,0,1,0,0,0,0,0,0,0,0,0,0,0,0
146640,2020-10-26 13:47:49,2851,63,0,0,0,0,0,0,0,0,0,0,0,0,0,1,0
146651,2020-10-26 13:50:05,2908,62,0,0,1,0,0,0,0,0,0,0,0,0,0,0,0
146667,2020-10-26 13:52:55,3003,61,0,0,0,0,0,0,0,0,0,0,0,0,0,1,0
146687,2020-10-26 14:00:05,3145,62,0,0,1,0,0,0,0,0,0,0,0,0,0,0,0
146744,2020-10-26 14:20:07,3285,60,0,0,1,0,0,0,0,0,0,0,0,0,0,0,0
146753,2020-10-26 14:27:19,3354,60,0,0,0,0,0,0,0,0,0,0,0,1,0,0,0
146809,2020-10-26 14:44:23,3364,60,0,0,0,0,0,0,0,0,0,0,0,1,0,0,0
146872,2020-10-26 15:06:29,3398,59,0,0,0,0,0,0,0,0,0,0,0,1,0,0,0
146969,2020-10-26 15:39:28,3476,58,0,0,0,0,0,0,0,0,0,0,0,1,0,0,0
147117,2020-10-26 16:37:53,3485,56,0,0,0,0,0,0,0,0,0,0,0,1,0,0,0
147221,2020-10-26 17:10:06,3493,55,0,0,1,0,0,0,0,0,0,0,0,0,0,0,0
147279,2020-10-26 17:30:05,3509,54,0,0,1,0,0,0,0,0,0,0,0,0,0,0,0
147342,2020-10-26 17:57:17,3516,53,0,0,0,0,0,0,0,0,0,0,0,1,0,0,0
147381,2020-10-26 18:10:06,3524,52,0,0,1,0,0,0,0,0,0,0,0,0,0,0,0
147419,2020-10-26 18:30:54,3531,51,0,0,1,0,0,0,0,0,0,0,0,0,0,0,0
147454,2020-10-26 18:54:24,3582,50,0,1,0,0,0,0,0,0,0,0,0,1,0,0,0
147470,2020-10-26 19:02:51,3589,50,0,0,0,0,0,0,0,0,0,0,0,1,0,0,0
147500,2020-10-26 19:28:31,3601,50,0,1,0,1,0,0,0,0,0,0,0,0,0,0,0
147513,2020-10-26 19:38:17,3610,51,0,0,0,0,1,0,0,0,0,0,0,0,0,0,0
147538,2020-10-26 20:00:06,3618,50,0,0,1,0,0,0,0,0,0,0,0,0,0,0,0
147555,2020-10-26 20:24:28,3629,49,0,0,0,0,0,0,0,0,0,0,0,1,0,0,0
147625,2020-10-26 21:40:05,3721,66,1,0,1,0,0,0,0,0,0,0,0,0,0,0,0
147653,2020-10-26 22:20:03,3743,83,0,0,1,0,0,0,0,0,0,0,0,0,0,0,0
147671,2020-10-26 23:10:03,3760,80,0,0,1,0,0,0,0,0,0,0,0,0,0,0,0
147692,2020-10-26 23:47:39,3767,78,0,0,0,0,1,0,0,0,0,0,0,0,0,0,0
147702,2020-10-27 00:30:04,19,76,0,0,1,0,0,0,0,0,0,0,0,0,0,0,0
147725,2020-10-27 02:30:08,35,73,0,0,1,0,0,0,0,0,0,0,0,0,0,0,0
147726,2020-10-27 02:40:04,43,72,0,0,1,0,0,0,0,0,0,0,0,0,0,0,0
147752,2020-10-27 05:03:59,58,66,0,0,0,0,1,0,0,0,0,0,0,0,0,0,0
147753,2020-10-27 05:10:02,212,66,0,1,0,1,0,0,0,0,0,0,0,0,0,0,0
147756,2020-10-27 05:11:52,246,66,0,0,1,0,0,0,0,0,0,0,0,0,0,0,0
147758,2020-10-27 05:17:16,479,66,0,0,0,0,0,0,0,0,0,0,0,0,1,0,0
147759,2020-10-27 05:18:06,491,66,0,0,0,0,0,0,0,0,0,0,0,0,1,0,0
147760,2020-10-27 05:19:14,554,66,0,0,0,0,0,0,0,0,0,0,0,0,1,0,0
147761,2020-10-27 05:19:34,561,66,0,0,0,0,0,0,0,0,0,0,0,0,1,0,0
147762,2020-10-27 05:24:04,570,66,0,0,1,0,0,0,0,0,0,0,0,0,0,0,0
147774,2020-10-27 06:02:56,650,65,0,0,0,0,0,0,0,0,0,0,0,0,1,0,0
147775,2020-10-27 06:03:05,677,65,0,0,0,0,0,0,0,0,0,0,0,0,1,0,0
147776,2020-10-27 06:03:15,697,65,0,0,0,0,0,0,0,0,0,0,0,0,1,0,0
147777,2020-10-27 06:04:44,880,64,0,0,0,0,0,0,0,0,0,0,0,0,1,0,0
147778,2020-10-27 06:04:53,901,64,0,0,0,0,0,0,0,0,0,0,0,0,1,0,0
147779,2020-10-27 06:05:03,923,64,0,0,0,0,0,0,0,0,0,0,0,0,1,0,0
147780,2020-10-27 06:05:51,1030,66,0,0,0,0,0,0,0,0,0,0,0,0,1,0,0
147781,2020-10-27 06:06:01,1051,65,0,0,0,0,0,0,0,0,0,0,0,0,1,0,0
147782,2020-10-27 06:06:11,1072,64,0,0,0,0,0,0,0,0,0,0,0,0,1,0,0
147786,2020-10-27 06:14:04,1778,64,0,0,1,0,0,0,0,0,0,0,0,0,0,0,0
147790,2020-10-27 06:20:12,1831,64,0,0,1,0,0,0,0,0,0,0,0,0,0,0,0
147810,2020-10-27 07:00:05,1865,63,0,0,1,0,0,0,0,0,0,0,0,0,0,0,0
147811,2020-10-27 07:01:55,1872,63,0,1,0,1,0,0,0,0,0,0,0,0,0,0,0
147815,2020-10-27 07:08:16,1879,63,0,1,0,1,0,0,0,0,0,0,0,0,0,0,0
147829,2020-10-27 07:16:52,1908,62,0,0,0,0,0,0,0,0,0,0,0,1,0,0,0
147840,2020-10-27 07:25:04,1928,62,0,0,1,0,0,0,0,0,0,0,0,0,0,0,0
147868,2020-10-27 07:40:04,1958,62,0,0,1,0,0,0,0,0,0,0,0,0,0,0,0
148001,2020-10-27 08:49:20,2107,58,0,0,0,0,1,0,0,0,0,0,0,0,0,0,0
148023,2020-10-27 08:53:56,2212,58,0,0,0,0,0,0,0,0,0,0,0,1,0,0,0
148084,2020-10-27 09:20:23,2396,58,0,0,0,0,0,0,0,0,0,0,0,1,0,0,0
148119,2020-10-27 09:40:06,3991,58,0,0,1,0,0,0,0,0,0,0,0,0,0,0,0
148140,2020-10-27 09:48:13,4771,59,0,0,0,0,0,0,0,0,0,0,0,0,1,0,0
148141,2020-10-27 09:48:21,4786,58,0,0,0,0,0,0,0,0,0,0,0,0,1,0,0
148142,2020-10-27 09:48:31,4796,58,0,0,0,0,0,0,0,0,0,0,0,0,1,0,0
148143,2020-10-27 09:48:41,4811,58,0,0,0,0,0,0,0,0,0,0,0,0,1,0,0
148144,2020-10-27 09:48:51,4824,58,0,0,0,0,0,0,0,0,0,0,0,0,1,0,0
148154,2020-10-27 09:50:06,4913,58,0,0,1,0,0,0,0,0,0,0,0,0,0,0,0
148160,2020-10-27 09:50:55,4985,58,0,0,0,0,0,0,0,0,0,0,0,0,1,0,0
148252,2020-10-27 10:30:10,4995,55,0,0,0,0,1,0,0,0,0,0,0,0,0,0,0
148370,2020-10-27 11:13:04,5618,56,0,0,1,0,0,0,0,0,0,0,0,0,0,0,0
148748,2020-10-27 13:12:39,6393,50,0,0,1,0,0,0,0,0,0,0,0,0,0,0,0
148777,2020-10-27 13:23:30,6423,50,0,0,1,0,0,0,0,0,0,0,0,0,0,0,0
148828,2020-10-27 13:40:04,6579,51,0,0,1,0,0,0,0,0,0,0,0,0,0,0,0
148835,2020-10-27 13:43:01,6906,50,0,0,0,0,0,0,0,0,0,0,0,0,1,0,0
148837,2020-10-27 13:43:20,6945,50,0,0,0,0,0,0,0,0,0,0,0,0,1,0,0
148838,2020-10-27 13:43:30,6965,50,0,0,0,0,0,0,0,0,0,0,0,0,1,0,0
148839,2020-10-27 13:43:39,6985,50,0,0,0,0,0,0,0,0,0,0,0,0,1,0,0
148840,2020-10-27 13:43:49,7005,50,0,0,0,0,0,0,0,0,0,0,0,0,1,0,0
148841,2020-10-27 13:43:59,7025,50,0,0,0,0,0,0,0,0,0,0,0,0,1,0,0
148842,2020-10-27 13:44:09,7043,50,0,0,0,0,0,0,0,0,0,0,0,0,1,0,0
148862,2020-10-27 13:50:10,7721,50,0,0,1,0,0,0,0,0,0,0,0,0,0,0,0
148923,2020-10-27 14:11:20,9154,50,0,0,1,0,0,0,0,0,0,0,0,0,0,0,0
149001,2020-10-27 14:38:09,9161,49,0,0,0,0,1,0,0,0,0,0,0,0,0,0,0
149099,2020-10-27 15:10:11,9328,47,0,0,0,0,0,0,0,0,0,0,0,1,0,0,0
149106,2020-10-27 15:13:51,9335,46,0,0,0,0,0,0,0,0,0,0,0,1,0,0,0
149150,2020-10-27 15:34:15,9450,46,0,0,0,0,0,0,0,0,0,0,0,1,0,0,0
149160,2020-10-27 15:40:05,9457,46,0,0,1,0,0,0,0,0,0,0,0,0,0,0,0
149240,2020-10-27 16:12:04,9512,44,0,1,0,1,0,0,0,0,0,0,0,0,0,0,0
149242,2020-10-27 16:13:40,9525,45,0,1,0,1,0,0,0,0,0,0,0,0,0,0,0
149243,2020-10-27 16:18:44,9548,45,0,0,0,0,0,0,0,0,0,0,0,1,0,0,0
149303,2020-10-27 16:44:45,9556,43,0,0,0,0,0,0,0,0,0,0,0,1,0,0,0
149312,2020-10-27 16:50:04,9569,44,0,0,1,0,0,0,0,0,0,0,0,0,0,0,0
149318,2020-10-27 16:54:08,9585,44,0,0,0,0,0,0,0,0,0,0,0,1,0,0,0
149330,2020-10-27 17:00:05,9654,44,0,0,1,0,0,0,0,0,0,0,0,0,0,0,0
149364,2020-10-27 17:10:05,9663,44,0,0,1,0,0,0,0,0,0,0,0,0,0,0,0
149391,2020-10-27 17:20:05,9739,45,0,0,1,0,0,0,0,0,0,0,0,0,0,0,0
149410,2020-10-27 17:30:05,9747,44,0,0,1,0,0,0,0,0,0,0,0,0,0,0,0
149424,2020-10-27 17:40:08,9757,42,0,0,1,0,0,0,0,0,0,0,0,0,0,0,0
149429,2020-10-27 17:47:03,9797,42,0,0,0,0,0,0,0,0,0,0,0,1,0,0,0
149451,2020-10-27 18:00:04,9804,42,0,0,1,0,0,0,0,0,0,0,0,0,0,0,0
149492,2020-10-27 18:20:06,9833,42,0,0,1,0,0,0,0,0,0,0,0,0,0,0,0
149499,2020-10-27 18:25:45,9840,41,0,0,0,0,1,0,0,0,0,0,0,0,0,0,0
149532,2020-10-27 18:48:30,9896,40,0,0,0,0,0,0,0,0,0,0,0,1,0,0,0
149571,2020-10-27 19:10:08,9910,41,0,0,1,0,0,0,0,0,0,0,0,0,0,0,0
149589,2020-10-27 19:22:04,9920,39,0,1,0,1,0,0,0,0,0,0,0,0,0,0,0
149598,2020-10-27 19:24:41,9932,39,0,1,0,1,0,0,0,0,0,0,0,0,0,0,0
149599,2020-10-27 19:25:07,9940,38,0,1,0,1,0,0,0,0,0,0,0,0,0,0,0
149606,2020-10-27 19:30:11,9984,39,0,0,1,0,0,0,0,0,0,0,0,0,0,0,0
149633,2020-10-27 19:53:42,9993,39,0,1,0,1,0,0,0,0,0,0,0,0,0,0,0
149639,2020-10-27 20:00:09,10007,39,0,0,1,0,0,0,0,0,0,0,0,0,0,0,0
149650,2020-10-27 20:17:11,10016,38,0,0,0,0,0,0,0,0,0,0,0,1,0,0,0
149656,2020-10-27 20:20:07,10036,38,0,0,1,0,0,0,0,0,0,0,0,0,0,0,0
149696,2020-10-27 20:50:09,10043,38,0,0,1,0,0,0,0,0,0,0,0,0,0,0,0
149728,2020-10-27 21:20:10,10050,37,0,0,1,0,0,0,0,0,0,0,0,0,0,0,0
149741,2020-10-27 21:40:09,10111,36,0,0,1,0,0,0,0,0,0,0,0,0,0,0,0
149750,2020-10-27 22:00:08,10180,52,0,0,1,0,0,0,0,0,0,0,0,0,0,0,0
149751,2020-10-27 22:10:09,10221,66,1,0,1,0,0,0,0,0,0,0,0,0,0,0,0
149757,2020-10-27 22:30:06,10260,77,0,0,1,0,0,0,0,0,0,0,0,0,0,0,0
149784,2020-10-28 01:40:07,14,68,0,0,1,0,0,0,0,0,0,0,0,0,0,0,0
149817,2020-10-28 04:03:03,23,64,0,0,0,0,1,0,0,0,0,0,0,0,0,0,0
149833,2020-10-28 05:02:00,74,61,0,0,0,0,1,0,0,0,0,0,0,0,0,0,0
149834,2020-10-28 05:06:17,224,61,0,0,0,0,1,0,0,0,0,0,0,0,0,0,0
149836,2020-10-28 05:10:07,295,63,0,0,1,0,0,0,0,0,0,0,0,0,0,0,0
149837,2020-10-28 05:14:24,543,62,0,0,0,0,0,0,0,0,0,0,0,0,1,0,0
149838,2020-10-28 05:16:11,610,63,0,0,0,0,0,0,0,0,0,0,0,0,1,0,0
149839,2020-10-28 05:16:20,625,63,0,0,0,0,0,0,0,0,0,0,0,0,1,0,0
149840,2020-10-28 05:20:08,635,62,0,0,1,0,0,0,0,0,0,0,0,0,0,0,0
149885,2020-10-28 06:56:39,725,57,0,0,0,0,0,0,0,0,0,0,0,0,1,0,0
149886,2020-10-28 06:56:47,742,57,0,0,0,0,0,0,0,0,0,0,0,0,1,0,0
149887,2020-10-28 06:56:57,760,58,0,0,0,0,0,0,0,0,0,0,0,0,1,0,0
149888,2020-10-28 06:58:27,939,58,0,0,0,0,0,0,0,0,0,0,0,0,1,0,0
149889,2020-10-28 06:58:36,960,58,0,0,0,0,0,0,0,0,0,0,0,0,1,0,0
149890,2020-10-28 06:58:46,981,57,0,0,0,0,0,0,0,0,0,0,0,0,1,0,0
149891,2020-10-28 06:59:44,1105,58,0,0,0,0,0,0,0,0,0,0,0,0,1,0,0
149892,2020-10-28 06:59:54,1124,58,0,0,0,0,0,0,0,0,0,0,0,0,1,0,0
149893,2020-10-28 07:00:08,1144,58,0,0,1,0,0,0,0,0,0,0,0,0,0,0,0
149904,2020-10-28 07:10:07,1852,58,0,0,1,0,0,0,0,0,0,0,0,0,0,0,0
149913,2020-10-28 07:20:10,1905,58,0,0,1,0,0,0,0,0,0,0,0,0,0,0,0
149917,2020-10-28 07:23:45,1916,57,0,0,0,0,0,0,0,0,0,0,0,1,0,0,0
149949,2020-10-28 07:47:27,1924,56,0,1,0,0,0,0,0,0,0,0,0,1,0,0,0
149950,2020-10-28 07:49:51,1940,55,0,1,0,0,0,0,0,0,0,0,0,1,0,0,0
149955,2020-10-28 07:50:08,1945,56,0,0,1,0,0,0,0,0,0,0,0,0,0,0,0
150023,2020-10-28 08:42:14,1954,53,0,1,0,1,0,0,0,0,0,0,0,0,0,0,0
150039,2020-10-28 08:50:11,1962,55,0,0,1,0,0,0,0,0,0,0,0,0,0,0,0
150042,2020-10-28 08:52:24,1993,53,0,1,0,1,0,0,0,0,0,0,0,0,0,0,0
150056,2020-10-28 09:04:24,2149,54,0,1,0,0,0,0,0,0,0,0,0,1,0,0,0
150073,2020-10-28 09:20:09,2170,54,0,0,1,0,0,0,0,0,0,0,0,0,0,0,0
150158,2020-10-28 09:40:08,2181,52,0,0,1,0,0,0,0,0,0,0,0,0,0,0,0
150409,2020-10-28 10:47:13,2202,50,0,0,0,0,1,0,0,0,0,0,0,0,0,0,0
150495,2020-10-28 10:59:24,2262,50,0,0,0,0,0,0,0,0,0,0,0,1,0,0,0
150613,2020-10-28 11:30:06,2270,50,0,0,1,0,0,0,0,0,0,0,0,0,0,0,0
150689,2020-10-28 11:58:05,2363,48,0,1,0,0,0,0,0,0,0,0,0,1,0,0,0
150783,2020-10-28 12:35:18,2370,48,0,1,0,0,0,0,0,0,0,0,0,1,0,0,0
150826,2020-10-28 12:54:36,2382,48,0,1,0,0,0,0,0,0,0,0,0,1,0,0,0
150871,2020-10-28 13:12:24,2493,47,0,0,1,0,0,0,0,0,0,0,0,0,0,0,0
150880,2020-10-28 13:19:23,2541,46,0,1,0,1,0,0,0,0,0,0,0,0,0,0,0
150897,2020-10-28 13:25:40,2587,46,0,1,0,1,0,0,0,0,0,0,0,0,0,0,0
150957,2020-10-28 13:49:34,2604,45,0,1,0,1,0,0,0,0,0,0,0,0,0,0,0
151019,2020-10-28 14:18:40,2614,43,0,1,0,0,0,0,0,0,0,0,0,1,0,0,0
151131,2020-10-28 15:05:08,2626,43,0,1,0,0,0,0,0,0,0,0,0,1,0,0,0
151222,2020-10-28 15:59:44,2638,41,0,0,0,0,1,0,0,0,0,0,0,0,0,0,0
151230,2020-10-28 16:00:20,2645,41,0,1,0,0,0,0,0,0,0,0,0,1,0,0,0
151250,2020-10-28 16:07:36,2659,41,0,1,0,0,0,0,0,0,0,0,0,1,0,0,0
151511,2020-10-28 18:03:38,2771,38,0,0,1,0,0,0,0,0,0,0,0,0,0,0,0
151542,2020-10-28 18:30:09,2778,37,0,0,1,0,0,0,0,0,0,0,0,0,0,0,0
151576,2020-10-28 18:59:28,2787,35,0,0,0,0,1,0,0,0,0,0,0,0,0,0,0
151590,2020-10-28 19:04:04,2809,36,0,0,1,0,0,0,0,0,0,0,0,0,0,0,0
151632,2020-10-28 19:38:30,2923,49,1,1,0,0,0,0,0,0,0,0,0,1,0,0,0
151713,2020-10-28 21:10:08,3061,99,0,0,1,0,0,0,0,0,0,0,0,0,0,0,0
151742,2020-10-28 21:50:08,3080,98,0,0,1,0,0,0,0,0,0,0,0,0,0,0,0
151747,2020-10-28 22:00:06,3115,97,0,0,1,0,0,0,0,0,0,0,0,0,0,0,0
151771,2020-10-28 23:20:08,3137,93,0,0,1,0,0,0,0,0,0,0,0,0,0,0,0
151774,2020-10-28 23:30:44,3144,92,0,0,0,0,1,0,0,0,0,0,0,0,0,0,0
151776,2020-10-28 23:40:07,3186,92,0,0,1,0,0,0,0,0,0,0,0,0,0,0,0
151808,2020-10-29 02:10:07,8,86,0,0,1,0,0,0,0,0,0,0,0,0,0,0,0
151815,2020-10-29 03:19:29,16,83,0,0,0,0,1,0,0,0,0,0,0,0,0,0,0
151817,2020-10-29 03:25:32,23,83,0,0,0,0,1,0,0,0,0,0,0,0,0,0,0
151849,2020-10-29 04:50:08,125,81,0,0,1,0,0,0,0,0,0,0,0,0,0,0,0
151850,2020-10-29 04:51:45,134,81,0,1,0,1,0,0,0,0,0,0,0,0,0,0,0
151852,2020-10-29 05:00:07,339,81,0,0,1,0,0,0,0,0,0,0,0,0,0,0,0
151854,2020-10-29 05:10:09,583,80,0,0,1,0,0,0,0,0,0,0,0,0,0,0,0
151858,2020-10-29 05:14:38,990,80,0,0,0,0,0,0,0,0,0,0,0,0,1,0,0
151859,2020-10-29 05:15:08,998,80,0,0,0,0,0,0,0,0,0,0,0,0,1,0,0
151860,2020-10-29 05:15:17,1005,80,0,0,0,0,0,0,0,0,0,0,0,0,1,0,0
151862,2020-10-29 05:16:36,1065,81,0,0,0,0,0,0,0,0,0,0,0,0,1,0,0
151863,2020-10-29 05:16:46,1080,80,0,0,0,0,0,0,0,0,0,0,0,0,1,0,0
151883,2020-10-29 06:04:03,1088,78,0,0,1,0,0,0,0,0,0,0,0,0,0,0,0
151926,2020-10-29 06:49:40,1188,76,0,0,0,0,0,0,0,0,0,0,0,0,1,0,0
151927,2020-10-29 06:49:50,1205,75,0,0,0,0,0,0,0,0,0,0,0,0,1,0,0
151928,2020-10-29 06:50:00,1223,76,0,0,0,0,0,0,0,0,0,0,0,0,1,0,0
151931,2020-10-29 06:50:08,1235,76,0,0,1,0,0,0,0,0,0,0,0,0,0,0,0
151932,2020-10-29 06:51:38,1426,75,0,0,0,0,0,0,0,0,0,0,0,0,1,0,0
151933,2020-10-29 06:51:48,1449,76,0,0,0,0,0,0,0,0,0,0,0,0,1,0,0
151934,2020-10-29 06:51:57,1469,76,0,0,0,0,0,0,0,0,0,0,0,0,1,0,0
151937,2020-10-29 06:52:57,1600,76,0,0,0,0,0,0,0,0,0,0,0,0,1,0,0
151938,2020-10-29 06:53:07,1620,76,0,0,0,0,0,0,0,0,0,0,0,0,1,0,0
151952,2020-10-29 07:07:20,2381,75,0,1,0,1,0,0,0,0,0,0,0,0,0,0,0
152003,2020-10-29 07:38:49,2484,73,0,1,0,1,0,0,0,0,0,0,0,0,0,0,0
152062,2020-10-29 08:20:08,2504,73,0,0,1,0,0,0,0,0,0,0,0,0,0,0,0
152093,2020-10-29 08:25:02,2514,72,0,1,0,0,0,0,0,0,0,0,0,1,0,0,0
152132,2020-10-29 08:50:08,2594,72,0,0,1,0,0,0,0,0,0,0,0,0,0,0,0
152142,2020-10-29 08:52:20,2601,71,0,1,0,0,0,0,0,0,0,0,0,1,0,0,0
152158,2020-10-29 09:02:04,2664,71,0,0,1,0,0,0,0,0,0,0,0,0,0,0,0
152161,2020-10-29 09:05:19,2690,70,0,1,0,0,0,0,0,0,0,0,0,1,0,0,0
152173,2020-10-29 09:10:07,2704,71,0,0,1,0,0,0,0,0,0,0,0,0,0,0,0
152178,2020-10-29 09:12:55,2711,70,0,1,0,0,0,0,0,0,0,0,0,1,0,0,0
152202,2020-10-29 09:20:07,2824,70,0,0,1,0,0,0,0,0,0,0,0,0,0,0,0
152222,2020-10-29 09:30:59,2990,70,0,1,0,0,0,0,0,0,0,0,0,1,0,0,0
152234,2020-10-29 09:36:07,3006,69,0,1,0,1,0,0,0,0,0,0,0,0,0,0,0
152242,2020-10-29 09:40:07,3036,70,0,0,1,0,0,0,0,0,0,0,0,0,0,0,0
152258,2020-10-29 09:50:09,3580,70,0,0,1,0,0,0,0,0,0,0,0,0,0,0,0
152270,2020-10-29 09:54:52,4123,70,0,0,0,0,0,0,0,0,0,0,0,0,1,0,0
152272,2020-10-29 09:55:01,4138,70,0,0,0,0,0,0,0,0,0,0,0,0,1,0,0
152274,2020-10-29 09:55:11,4157,69,0,0,0,0,0,0,0,0,0,0,0,0,1,0,0
152275,2020-10-29 09:55:21,4176,70,0,0,0,0,0,0,0,0,0,0,0,0,1,0,0
152277,2020-10-29 09:56:11,4256,70,0,0,0,0,0,0,0,0,0,0,0,0,1,0,0
152278,2020-10-29 09:56:20,4275,69,0,0,0,0,0,0,0,0,0,0,0,0,1,0,0
152280,2020-10-29 09:56:30,4295,70,0,0,0,0,0,0,0,0,0,0,0,0,1,0,0
152281,2020-10-29 09:56:40,4314,69,0,0,0,0,0,0,0,0,0,0,0,0,1,0,0
152297,2020-10-29 10:06:49,5371,69,0,0,0,0,0,0,0,0,0,0,0,0,1,0,0
152298,2020-10-29 10:06:57,5382,69,0,0,0,0,0,0,0,0,0,0,0,0,1,0,0
152299,2020-10-29 10:07:07,5393,69,0,0,0,0,0,0,0,0,0,0,0,0,1,0,0
152300,2020-10-29 10:07:17,5403,69,0,0,0,0,0,0,0,0,0,0,0,0,1,0,0
152301,2020-10-29 10:07:28,5412,68,0,0,0,0,0,0,0,0,0,0,0,0,1,0,0
152302,2020-10-29 10:08:27,5432,69,0,0,0,0,0,0,0,0,0,0,0,0,1,0,0
152303,2020-10-29 10:08:46,5447,69,0,0,0,0,0,0,0,0,0,0,0,0,1,0,0
152304,2020-10-29 10:08:56,5464,69,0,0,0,0,0,0,0,0,0,0,0,0,1,0,0
152316,2020-10-29 10:18:12,5592,68,0,0,0,0,1,0,0,0,0,0,0,0,0,0,0
152351,2020-10-29 10:30:07,5599,67,0,0,1,0,0,0,0,0,0,0,0,0,0,0,0
152360,2020-10-29 10:34:23,5616,68,0,0,0,0,1,0,0,0,0,0,0,0,0,0,0
152381,2020-10-29 10:40:06,5935,68,0,0,1,0,0,0,0,0,0,0,0,0,0,0,0
152435,2020-10-29 11:00:06,6246,67,0,0,1,0,0,0,0,0,0,0,0,0,0,0,0
152894,2020-10-29 13:50:35,7108,62,0,0,1,0,0,0,0,0,0,0,0,0,0,0,0
152896,2020-10-29 13:51:49,7243,62,0,0,0,0,0,0,0,0,0,0,0,0,1,0,0
152897,2020-10-29 13:51:58,7263,62,0,0,0,0,0,0,0,0,0,0,0,0,1,0,0
152898,2020-10-29 13:52:07,7284,61,0,0,0,0,0,0,0,0,0,0,0,0,1,0,0
152899,2020-10-29 13:52:17,7305,62,0,0,0,0,0,0,0,0,0,0,0,0,1,0,0
152900,2020-10-29 13:52:27,7325,61,0,0,0,0,0,0,0,0,0,0,0,0,1,0,0
152901,2020-10-29 13:52:37,7346,61,0,0,0,0,0,0,0,0,0,0,0,0,1,0,0
152902,2020-10-29 13:52:47,7367,61,0,0,0,0,0,0,0,0,0,0,0,0,1,0,0
152903,2020-10-29 13:52:57,7387,63,0,0,0,0,0,0,0,0,0,0,0,0,1,0,0
152904,2020-10-29 13:53:06,7405,62,0,0,0,0,0,0,0,0,0,0,0,0,1,0,0
152906,2020-10-29 13:53:17,7422,62,0,0,0,0,0,0,0,0,0,0,0,0,1,0,0
152907,2020-10-29 13:53:27,7443,62,0,0,0,0,0,0,0,0,0,0,0,0,1,0,0
152908,2020-10-29 13:53:36,7463,62,0,0,0,0,0,0,0,0,0,0,0,0,1,0,0
152916,2020-10-29 13:57:32,7915,62,0,0,0,0,0,0,0,0,0,0,0,0,1,0,0
152965,2020-10-29 14:10:21,9286,61,0,0,1,0,0,0,0,0,0,0,0,0,0,0,0
152984,2020-10-29 14:26:06,9869,60,0,1,0,1,0,0,0,0,0,0,0,0,0,0,0
153001,2020-10-29 14:35:38,10191,61,0,1,0,1,0,0,0,0,0,0,0,0,0,0,0
153094,2020-10-29 15:10:08,10205,59,0,0,1,0,0,0,0,0,0,0,0,0,0,0,0
153217,2020-10-29 15:53:33,10222,57,0,1,0,0,0,0,0,0,0,0,0,1,0,0,0
153355,2020-10-29 16:40:07,10229,55,0,0,1,0,0,0,0,0,0,0,0,0,0,0,0
153421,2020-10-29 17:00:11,10287,56,0,0,1,0,0,0,0,0,0,0,0,0,0,0,0
153432,2020-10-29 17:04:40,10317,54,0,0,0,0,0,0,0,0,0,0,0,0,0,1,0
153449,2020-10-29 17:10:08,10337,55,0,0,1,0,0,0,0,0,0,0,0,0,0,0,0
153609,2020-10-29 18:02:02,10353,52,0,1,0,0,0,0,0,0,0,0,0,1,0,0,0
153744,2020-10-29 19:40:08,10388,51,0,0,1,0,0,0,0,0,0,0,0,0,0,0,0
153792,2020-10-29 20:20:08,10417,48,0,0,1,0,0,0,0,0,0,0,0,0,0,0,0
153800,2020-10-29 20:28:33,10427,48,0,1,0,0,0,0,0,0,0,0,0,1,0,0,0
153816,2020-10-29 20:40:07,10466,48,0,0,1,0,0,0,0,0,0,0,0,0,0,0,0
153845,2020-10-29 21:20:08,10566,48,0,0,1,0,0,0,0,0,0,0,0,0,0,0,0
153850,2020-10-29 21:30:06,10595,59,1,0,1,0,0,0,0,0,0,0,0,0,0,0,0
153863,2020-10-29 22:00:08,10612,80,0,0,1,0,0,0,0,0,0,0,0,0,0,0,0
153865,2020-10-29 22:10:06,10643,78,0,0,1,0,0,0,0,0,0,0,0,0,0,0,0
153871,2020-10-29 22:20:07,10644,78,0,0,1,0,0,0,0,0,0,0,0,0,0,0,0
153876,2020-10-29 22:30:07,10701,78,0,0,1,0,0,0,0,0,0,0,0,0,0,0,0
153883,2020-10-29 22:40:08,10756,79,0,0,1,0,0,0,0,0,0,0,0,0,0,0,0
153887,2020-10-29 22:50:06,10763,77,0,0,1,0,0,0,0,0,0,0,0,0,0,0,0
153898,2020-10-29 23:20:09,10831,75,0,0,1,0,0,0,0,0,0,0,0,0,0,0,0
153911,2020-10-30 00:36:10,10,74,0,0,0,0,1,0,0,0,0,0,0,0,0,0,0
153914,2020-10-30 00:40:06,21,73,0,0,1,0,0,0,0,0,0,0,0,0,0,0,0
153917,2020-10-30 00:50:06,43,72,0,0,1,0,0,0,0,0,0,0,0,0,0,0,0
153949,2020-10-30 04:41:40,52,65,0,0,0,0,1,0,0,0,0,0,0,0,0,0,0
153950,2020-10-30 04:41:55,62,65,0,0,0,0,1,0,0,0,0,0,0,0,0,0,0
153952,2020-10-30 04:44:22,76,64,0,0,0,0,1,0,0,0,0,0,0,0,0,0,0
153957,2020-10-30 05:00:16,258,64,0,0,1,0,0,0,0,0,0,0,0,0,0,0,0
153959,2020-10-30 05:06:55,308,63,0,1,0,1,0,0,0,0,0,0,0,0,0,0,0
153961,2020-10-30 05:10:06,482,64,0,0,1,0,0,0,0,0,0,0,0,0,0,0,0
153963,2020-10-30 05:14:25,571,65,0,0,0,0,0,0,0,0,0,0,0,0,1,0,0
153964,2020-10-30 05:16:03,627,64,0,0,0,0,0,0,0,0,0,0,0,0,1,0,0
153965,2020-10-30 05:16:12,643,63,0,0,0,0,0,0,0,0,0,0,0,0,1,0,0
153966,2020-10-30 05:16:31,659,63,0,0,0,0,0,0,0,0,0,0,0,0,1,0,0
153968,2020-10-30 05:20:07,668,64,0,0,1,0,0,0,0,0,0,0,0,0,0,0,0
153985,2020-10-30 06:00:07,675,62,0,0,1,0,0,0,0,0,0,0,0,0,0,0,0
153998,2020-10-30 06:38:29,745,59,0,0,0,0,0,0,0,0,0,0,0,0,1,0,0
153999,2020-10-30 06:38:38,765,59,0,0,0,0,0,0,0,0,0,0,0,0,1,0,0
154000,2020-10-30 06:38:47,784,60,0,0,0,0,0,0,0,0,0,0,0,0,1,0,0
154002,2020-10-30 06:40:07,939,60,0,0,1,0,0,0,0,0,0,0,0,0,0,0,0
154005,2020-10-30 06:40:16,965,60,0,0,0,0,0,0,0,0,0,0,0,0,1,0,0
154007,2020-10-30 06:40:25,987,59,0,0,0,0,0,0,0,0,0,0,0,0,1,0,0
154008,2020-10-30 06:40:35,1007,60,0,0,0,0,0,0,0,0,0,0,0,0,1,0,0
154014,2020-10-30 06:50:13,1908,60,0,0,1,0,0,0,0,0,0,0,0,0,0,0,0
154019,2020-10-30 07:04:05,1916,59,0,0,1,0,0,0,0,0,0,0,0,0,0,0,0
154020,2020-10-30 07:05:45,1923,59,0,1,0,1,0,0,0,0,0,0,0,0,0,0,0
154029,2020-10-30 07:14:09,2025,60,0,0,1,0,0,0,0,0,0,0,0,0,0,0,0
154032,2020-10-30 07:17:52,2041,59,0,1,0,1,0,0,0,0,0,0,0,0,0,0,0
154040,2020-10-30 07:24:03,2058,59,0,0,1,0,0,0,0,0,0,0,0,0,0,0,0
154086,2020-10-30 07:50:07,2087,59,0,0,1,0,0,0,0,0,0,0,0,0,0,0,0
154119,2020-10-30 08:19:24,2121,57,0,1,0,0,0,0,0,0,0,0,0,1,0,0,0
154137,2020-10-30 08:26:51,2128,56,0,1,0,0,0,0,0,0,0,0,0,1,0,0,0
154244,2020-10-30 09:30:13,2135,55,0,0,1,0,0,0,0,0,0,0,0,0,0,0,0
154298,2020-10-30 10:10:08,2335,53,0,0,1,0,0,0,0,0,0,0,0,0,0,0,0
154348,2020-10-30 10:39:54,2426,52,0,1,0,1,0,0,0,0,0,0,0,0,0,0,0
154391,2020-10-30 10:53:03,2437,51,0,0,1,0,0,0,0,0,0,0,0,0,0,0,0
154433,2020-10-30 11:08:05,2529,52,0,0,0,0,1,0,0,0,0,0,0,0,0,0,0
154438,2020-10-30 11:08:32,2542,51,0,0,0,0,1,0,0,0,0,0,0,0,0,0,0
154619,2020-10-30 12:10:06,2773,50,0,0,1,0,0,0,0,0,0,0,0,0,0,0,0
154644,2020-10-30 12:20:08,2855,49,0,0,1,0,0,0,0,0,0,0,0,0,0,0,0
154647,2020-10-30 12:22:40,2882,49,0,1,0,0,0,0,0,0,0,0,0,1,0,0,0
154652,2020-10-30 12:25:23,2893,49,0,1,0,0,0,0,0,0,0,0,0,1,0,0,0
154681,2020-10-30 12:37:39,2901,48,0,1,0,0,0,0,0,0,0,0,0,1,0,0,0
154725,2020-10-30 12:47:34,2983,48,0,0,0,0,1,0,0,0,0,0,0,0,0,0,0
154735,2020-10-30 12:50:07,3055,49,0,0,1,0,0,0,0,0,0,0,0,0,0,0,0
154740,2020-10-30 12:51:46,3124,48,0,1,0,1,0,0,0,0,0,0,0,0,0,0,0
154741,2020-10-30 12:51:49,3131,48,0,1,0,1,0,0,0,0,0,0,0,0,0,0,0
154767,2020-10-30 13:00:13,3677,50,0,0,1,0,0,0,0,0,0,0,0,0,0,0,0
154783,2020-10-30 13:04:53,4118,48,0,0,0,0,1,0,0,0,0,0,0,0,0,0,0
154814,2020-10-30 13:13:18,4126,49,0,0,0,0,0,0,0,0,0,0,0,0,1,0,0
154815,2020-10-30 13:13:28,4134,48,0,0,0,0,0,0,0,0,0,0,0,0,1,0,0
154816,2020-10-30 13:13:39,4135,49,0,0,0,0,0,0,0,0,0,0,0,0,1,0,0
154847,2020-10-30 13:22:19,4144,48,0,0,0,0,0,0,0,0,0,0,0,0,1,0,0
154855,2020-10-30 13:28:13,4364,47,0,0,0,0,0,0,0,0,0,0,0,0,1,0,0
154856,2020-10-30 13:28:22,4382,48,0,0,0,0,0,0,0,0,0,0,0,0,1,0,0
154857,2020-10-30 13:28:32,4396,48,0,0,0,0,0,0,0,0,0,0,0,0,1,0,0
154858,2020-10-30 13:28:42,4397,48,0,0,0,0,0,0,0,0,0,0,0,0,1,0,0
154870,2020-10-30 13:30:09,4472,48,0,0,1,0,0,0,0,0,0,0,0,0,0,0,0
154872,2020-10-30 13:31:59,4666,48,0,0,0,0,1,0,0,0,0,0,0,0,0,0,0
154883,2020-10-30 13:35:34,4959,48,0,0,0,0,0,0,0,0,0,0,0,0,1,0,0
154888,2020-10-30 13:36:52,5045,47,0,0,0,0,0,0,0,0,0,0,0,0,1,0,0
154890,2020-10-30 13:37:02,5052,48,0,0,0,0,0,0,0,0,0,0,0,0,1,0,0
154903,2020-10-30 13:40:09,5067,47,0,0,1,0,0,0,0,0,0,0,0,0,0,0,0
154968,2020-10-30 14:00:06,5087,45,0,0,1,0,0,0,0,0,0,0,0,0,0,0,0
155013,2020-10-30 14:10:06,5132,46,0,0,1,0,0,0,0,0,0,0,0,0,0,0,0
155045,2020-10-30 14:20:06,5158,46,0,0,1,0,0,0,0,0,0,0,0,0,0,0,0
155141,2020-10-30 14:50:08,5182,44,0,0,1,0,0,0,0,0,0,0,0,0,0,0,0
155189,2020-10-30 15:07:28,5347,45,0,0,0,0,0,0,0,0,0,0,0,0,1,0,0
155190,2020-10-30 15:07:38,5354,44,0,0,0,0,0,0,0,0,0,0,0,0,1,0,0
155191,2020-10-30 15:07:59,5386,44,0,0,0,0,0,0,0,0,0,0,0,0,1,0,0
155194,2020-10-30 15:09:29,5542,45,0,0,0,0,0,0,0,0,0,0,0,0,1,0,0
155202,2020-10-30 15:10:08,5609,45,0,0,1,0,0,0,0,0,0,0,0,0,0,0,0
155235,2020-10-30 15:20:06,6288,44,0,0,1,0,0,0,0,0,0,0,0,0,0,0,0
155243,2020-10-30 15:23:09,6595,44,0,0,0,0,0,0,0,0,0,0,0,0,1,0,0
155245,2020-10-30 15:23:21,6617,44,0,0,0,0,0,0,0,0,0,0,0,0,1,0,0
155246,2020-10-30 15:23:33,6640,44,0,0,0,0,0,0,0,0,0,0,0,0,1,0,0
155247,2020-10-30 15:23:53,6686,45,0,0,0,0,0,0,0,0,0,0,0,0,1,0,0
155248,2020-10-30 15:24:06,6707,44,0,0,0,0,0,0,0,0,0,0,0,0,1,0,0
155249,2020-10-30 15:24:15,6729,45,0,0,0,0,0,0,0,0,0,0,0,0,1,0,0
155256,2020-10-30 15:27:29,6903,43,0,0,0,0,0,1,0,0,0,0,0,0,0,0,0
155270,2020-10-30 15:30:08,7108,44,0,0,1,0,0,0,0,0,0,0,0,0,0,0,0
155278,2020-10-30 15:31:30,7186,43,0,0,0,0,0,0,0,0,0,0,0,0,1,0,0
155279,2020-10-30 15:31:40,7199,44,0,0,0,0,0,0,0,0,0,0,0,0,1,0,0
155289,2020-10-30 15:36:20,7225,43,0,0,0,0,1,0,0,0,0,0,0,0,0,0,0
155315,2020-10-30 15:47:13,7238,43,0,0,0,0,0,0,0,0,0,0,0,0,1,0,0
155317,2020-10-30 15:47:51,7281,43,0,0,0,0,0,0,0,0,0,0,0,0,1,0,0
155318,2020-10-30 15:48:02,7294,43,0,0,0,0,0,0,0,0,0,0,0,0,1,0,0
155320,2020-10-30 15:48:12,7307,44,0,0,0,0,0,0,0,0,0,0,0,0,1,0,0
155322,2020-10-30 15:48:22,7322,43,0,0,0,0,0,0,0,0,0,0,0,0,1,0,0
155323,2020-10-30 15:48:32,7336,44,0,0,0,0,0,0,0,0,0,0,0,0,1,0,0
155326,2020-10-30 15:48:52,7366,43,0,0,0,0,0,0,0,0,0,0,0,0,1,0,0
155327,2020-10-30 15:49:03,7382,43,0,0,0,0,0,0,0,0,0,0,0,0,1,0,0
155329,2020-10-30 15:49:12,7397,42,0,0,0,0,0,0,0,0,0,0,0,0,1,0,0
155330,2020-10-30 15:49:24,7412,42,0,0,0,0,0,0,0,0,0,0,0,0,1,0,0
155332,2020-10-30 15:49:31,7429,43,0,0,0,0,0,0,0,0,0,0,0,0,1,0,0
155333,2020-10-30 15:49:51,7467,44,0,0,0,0,0,0,0,0,0,0,0,0,1,0,0
155339,2020-10-30 15:50:05,7486,43,0,0,0,0,0,0,0,0,0,0,0,0,1,0,0
155346,2020-10-30 15:50:07,7493,44,0,0,1,0,0,0,0,0,0,0,0,0,0,0,0
155368,2020-10-30 16:00:07,8418,43,0,0,1,0,0,0,0,0,0,0,0,0,0,0,0
155376,2020-10-30 16:02:36,8529,42,0,0,0,0,1,0,0,0,0,0,0,0,0,0,0
155383,2020-10-30 16:06:39,8620,42,0,1,0,1,0,0,0,0,0,0,0,0,0,0,0
155450,2020-10-30 16:33:42,8628,42,0,1,0,0,0,0,0,0,0,0,0,1,0,0,0
155457,2020-10-30 16:37:49,8637,42,0,1,0,0,0,0,0,0,0,0,0,1,0,0,0
155480,2020-10-30 16:49:57,8663,42,0,1,0,0,0,0,0,0,0,0,0,1,0,0,0
155594,2020-10-30 17:40:02,8696,39,0,1,0,0,0,0,0,0,0,0,0,1,0,0,0
155616,2020-10-30 17:50:04,8811,38,0,1,0,0,0,0,0,0,0,0,0,1,0,0,0
155663,2020-10-30 18:00:06,8820,39,0,0,1,0,0,0,0,0,0,0,0,0,0,0,0
155795,2020-10-30 19:30:07,8828,36,0,0,1,0,0,0,0,0,0,0,0,0,0,0,0
155846,2020-10-30 20:28:38,8842,44,1,1,0,0,0,0,0,0,0,0,0,1,0,0,0
155896,2020-10-30 21:19:23,8902,66,0,1,0,0,0,0,0,0,0,0,0,1,0,0,0
155902,2020-10-30 21:23:12,8915,66,0,0,0,0,1,0,0,0,0,0,0,0,0,0,0
155921,2020-10-30 21:50:07,8958,97,0,0,1,0,0,0,0,0,0,0,0,0,0,0,0
155935,2020-10-30 22:20:05,8990,92,0,0,1,0,0,0,0,0,0,0,0,0,0,0,0
155940,2020-10-30 22:50:08,9006,90,0,0,1,0,0,0,0,0,0,0,0,0,0,0,0
155947,2020-10-30 23:30:08,9020,88,0,0,1,0,0,0,0,0,0,0,0,0,0,0,0
155949,2020-10-30 23:40:06,9027,88,0,0,1,0,0,0,0,0,0,0,0,0,0,0,0
155953,2020-10-31 00:20:08,8,87,0,0,1,0,0,0,0,0,0,0,0,0,0,0,0
155957,2020-10-31 00:40:07,56,85,0,0,1,0,0,0,0,0,0,0,0,0,0,0,0
155959,2020-10-31 00:50:07,65,85,0,0,1,0,0,0,0,0,0,0,0,0,0,0,0
155962,2020-10-31 01:00:06,73,85,0,0,1,0,0,0,0,0,0,0,0,0,0,0,0
155999,2020-10-31 04:20:07,87,78,0,0,1,0,0,0,0,0,0,0,0,0,0,0,0
156002,2020-10-31 04:40:07,111,76,0,0,1,0,0,0,0,0,0,0,0,0,0,0,0
156004,2020-10-31 04:50:07,112,76,0,0,1,0,0,0,0,0,0,0,0,0,0,0,0
156029,2020-10-31 06:20:06,145,73,0,0,1,0,0,0,0,0,0,0,0,0,0,0,0
156036,2020-10-31 06:30:05,163,72,0,0,1,0,0,0,0,0,0,0,0,0,0,0,0
156042,2020-10-31 06:40:06,237,72,0,0,1,0,0,0,0,0,0,0,0,0,0,0,0
156066,2020-10-31 07:20:05,277,71,0,0,1,0,0,0,0,0,0,0,0,0,0,0,0
156076,2020-10-31 07:30:07,284,69,0,0,1,0,0,0,0,0,0,0,0,0,0,0,0
156101,2020-10-31 07:45:05,296,70,0,1,0,1,0,0,0,0,0,0,0,0,0,0,0
156107,2020-10-31 07:50:54,320,70,0,0,1,0,0,0,0,0,0,0,0,0,0,0,0
156118,2020-10-31 08:00:08,363,70,0,0,1,0,0,0,0,0,0,0,0,0,0,0,0
156124,2020-10-31 08:02:03,384,68,0,1,0,1,0,0,0,0,0,0,0,0,0,0,0
156128,2020-10-31 08:07:54,478,69,0,0,0,0,1,0,0,0,0,0,0,0,0,0,0
156137,2020-10-31 08:11:27,496,70,0,0,1,0,0,0,0,0,0,0,0,0,0,0,0
156138,2020-10-31 08:15:57,506,68,0,1,0,1,0,0,0,0,0,0,0,0,0,0,0
156167,2020-10-31 08:42:04,524,68,0,0,1,0,0,0,0,0,0,0,0,0,0,0,0
156173,2020-10-31 08:50:07,567,68,0,0,1,0,0,0,0,0,0,0,0,0,0,0,0
156181,2020-10-31 09:00:06,685,66,0,0,1,0,0,0,0,0,0,0,0,0,0,0,0
156194,2020-10-31 09:10:07,696,67,0,0,1,0,0,0,0,0,0,0,0,0,0,0,0
156218,2020-10-31 09:20:06,721,66,0,0,1,0,0,0,0,0,0,0,0,0,0,0,0
156242,2020-10-31 09:30:07,781,66,0,0,1,0,0,0,0,0,0,0,0,0,0,0,0
156256,2020-10-31 09:40:06,788,66,0,0,1,0,0,0,0,0,0,0,0,0,0,0,0
156274,2020-10-31 09:50:06,871,66,0,0,1,0,0,0,0,0,0,0,0,0,0,0,0
156298,2020-10-31 10:00:07,995,66,0,0,1,0,0,0,0,0,0,0,0,0,0,0,0
156314,2020-10-31 10:10:12,1002,66,0,0,1,0,0,0,0,0,0,0,0,0,0,0,0
156408,2020-10-31 10:42:43,1311,65,0,0,1,0,0,0,0,0,0,0,0,0,0,0,0
156411,2020-10-31 10:45:38,1319,64,0,0,0,0,0,0,0,0,0,0,0,0,0,1,0
156425,2020-10-31 10:50:07,1334,63,0,0,1,0,0,0,0,0,0,0,0,0,0,0,0
156433,2020-10-31 10:57:10,1349,63,0,1,0,0,0,0,0,0,0,0,0,1,0,0,0
156445,2020-10-31 11:05:56,1374,63,0,1,0,0,0,0,0,0,0,0,0,1,0,0,0
156456,2020-10-31 11:14:09,1382,63,0,1,0,0,0,0,0,0,0,0,0,1,0,0,0
156490,2020-10-31 11:30:07,1483,63,0,0,1,0,0,0,0,0,0,0,0,0,0,0,0
156682,2020-10-31 12:42:15,1562,61,0,0,1,0,0,0,0,0,0,0,0,0,0,0,0
156710,2020-10-31 12:50:10,1569,59,0,0,1,0,0,0,0,0,0,0,0,0,0,0,0
156767,2020-10-31 13:20:06,1683,59,0,0,1,0,0,0,0,0,0,0,0,0,0,0,0
156983,2020-10-31 14:11:30,1697,57,0,0,1,0,0,0,0,0,0,0,0,0,0,0,0
157018,2020-10-31 14:23:04,1711,56,0,0,1,0,0,0,0,0,0,0,0,0,0,0,0
157025,2020-10-31 14:26:34,1718,57,0,0,0,0,1,0,0,0,0,0,0,0,0,0,0
157046,2020-10-31 14:30:52,1733,56,0,1,0,0,0,0,0,0,0,0,0,1,0,0,0
157177,2020-10-31 15:28:50,1749,54,0,1,0,0,0,0,0,0,0,0,0,1,0,0,0
157187,2020-10-31 15:30:06,1759,54,0,0,1,0,0,0,0,0,0,0,0,0,0,0,0
157190,2020-10-31 15:30:41,1775,54,0,0,0,0,0,0,0,0,0,0,0,0,1,0,0
157191,2020-10-31 15:30:50,1782,54,0,0,0,0,0,0,0,0,0,0,0,0,1,0,0
157193,2020-10-31 15:31:01,1794,55,0,0,0,0,0,0,0,0,0,0,0,0,1,0,0
157195,2020-10-31 15:31:10,1804,54,0,0,0,0,0,0,0,0,0,0,0,0,1,0,0
157197,2020-10-31 15:31:21,1807,54,0,0,0,0,0,0,0,0,0,0,0,0,1,0,0
157198,2020-10-31 15:31:30,1815,55,0,0,0,0,0,0,0,0,0,0,0,0,1,0,0
157201,2020-10-31 15:31:50,1824,54,0,0,0,0,0,0,0,0,0,0,0,0,1,0,0
157297,2020-10-31 16:04:03,2011,53,0,0,1,0,0,0,0,0,0,0,0,0,0,0,0
157356,2020-10-31 16:20:07,2025,52,0,0,1,0,0,0,0,0,0,0,0,0,0,0,0
157423,2020-10-31 16:50:12,2438,52,0,0,1,0,0,0,0,0,0,0,0,0,0,0,0
157438,2020-10-31 17:00:12,2462,51,0,0,1,0,0,0,0,0,0,0,0,0,0,0,0
157543,2020-10-31 17:59:35,2489,50,0,0,0,0,1,0,0,0,0,0,0,0,0,0,0
157621,2020-10-31 18:30:48,2540,50,0,0,1,0,0,0,0,0,0,0,0,0,0,0,0
157623,2020-10-31 18:31:14,2566,50,0,0,0,0,0,0,0,0,0,0,0,0,1,0,0
157624,2020-10-31 18:31:22,2582,49,0,0,0,0,0,0,0,0,0,0,0,0,1,0,0
157626,2020-10-31 18:31:32,2592,49,0,0,0,0,0,0,0,0,0,0,0,0,1,0,0
157627,2020-10-31 18:31:41,2615,49,0,0,0,0,0,0,0,0,0,0,0,0,1,0,0
157628,2020-10-31 18:31:51,2629,49,0,0,0,0,0,0,0,0,0,0,0,0,1,0,0
157630,2020-10-31 18:32:01,2640,50,0,0,0,0,0,0,0,0,0,0,0,0,1,0,0
157650,2020-10-31 18:40:47,2804,49,0,1,0,1,0,0,0,0,0,0,0,0,0,0,0
157681,2020-10-31 18:51:55,2886,49,0,1,0,0,0,0,0,0,0,0,0,1,0,0,0
157812,2020-10-31 20:05:57,2915,46,0,1,0,0,0,0,0,0,0,0,0,1,0,0,0
157868,2020-10-31 20:50:10,2934,45,0,0,1,0,0,0,0,0,0,0,0,0,0,0,0
157879,2020-10-31 21:00:06,2957,44,0,0,1,0,0,0,0,0,0,0,0,0,0,0,0
157905,2020-10-31 21:40:06,2972,42,0,0,1,0,0,0,0,0,0,0,0,0,0,0,0
157909,2020-10-31 21:50:06,2979,44,0,0,1,0,0,0,0,0,0,0,0,0,0,0,0
157927,2020-10-31 22:29:40,3044,42,0,0,0,0,0,1,0,0,0,0,0,0,0,0,0
157952,2020-11-01 00:20:06,12,98,0,0,1,0,0,0,0,0,0,0,0,0,0,0,0
157953,2020-11-01 00:25:18,19,97,0,0,0,0,1,0,0,0,0,0,0,0,0,0,0
157955,2020-11-01 00:30:06,26,97,0,0,1,0,0,0,0,0,0,0,0,0,0,0,0
157957,2020-11-01 00:40:08,33,98,0,0,1,0,0,0,0,0,0,0,0,0,0,0,0
157959,2020-11-01 00:50:06,59,96,0,0,1,0,0,0,0,0,0,0,0,0,0,0,0
157997,2020-11-01 04:00:05,74,87,0,0,1,0,0,0,0,0,0,0,0,0,0,0,0
158000,2020-11-01 04:20:08,81,87,0,0,1,0,0,0,0,0,0,0,0,0,0,0,0
158004,2020-11-01 04:30:05,100,87,0,0,1,0,0,0,0,0,0,0,0,0,0,0,0
158044,2020-11-01 06:10:07,107,83,0,0,1,0,0,0,0,0,0,0,0,0,0,0,0
158075,2020-11-01 07:00:07,114,82,0,0,1,0,0,0,0,0,0,0,0,0,0,0,0
158082,2020-11-01 07:10:07,127,80,0,0,1,0,0,0,0,0,0,0,0,0,0,0,0
158098,2020-11-01 07:20:12,134,81,0,0,1,0,0,0,0,0,0,0,0,0,0,0,0
158201,2020-11-01 08:34:19,526,79,0,0,1,0,0,0,0,0,0,0,0,0,0,0,0
158210,2020-11-01 08:40:08,568,78,0,0,1,0,0,0,0,0,0,0,0,0,0,0,0
158231,2020-11-01 09:00:03,978,78,0,0,1,0,0,0,0,0,0,0,0,0,0,0,0
158242,2020-11-01 09:06:44,1521,79,0,0,0,0,0,0,0,0,0,0,0,0,1,0,0
158245,2020-11-01 09:06:54,1540,78,0,0,0,0,0,0,0,0,0,0,0,0,1,0,0
158246,2020-11-01 09:08:03,1659,78,0,0,0,0,0,0,0,0,0,0,0,0,1,0,0
158247,2020-11-01 09:08:13,1676,77,0,0,0,0,0,0,0,0,0,0,0,0,1,0,0
158248,2020-11-01 09:08:23,1694,79,0,0,0,0,0,0,0,0,0,0,0,0,1,0,0
158256,2020-11-01 09:11:29,1842,78,0,0,0,0,0,0,0,0,0,0,0,0,1,0,0
158258,2020-11-01 09:11:39,1856,78,0,0,0,0,0,0,0,0,0,0,0,0,1,0,0
158259,2020-11-01 09:11:49,1864,78,0,0,0,0,0,0,0,0,0,0,0,0,1,0,0
158261,2020-11-01 09:14:06,1952,77,0,0,0,0,0,0,0,0,0,0,0,0,1,0,0
158262,2020-11-01 09:18:53,1984,76,0,0,0,0,0,0,0,0,0,0,0,0,1,0,0
158263,2020-11-01 09:19:03,1986,78,0,0,0,0,0,0,0,0,0,0,0,0,1,0,0
158271,2020-11-01 09:20:05,2015,77,0,0,1,0,0,0,0,0,0,0,0,0,0,0,0
158390,2020-11-01 10:34:46,2035,74,0,0,1,0,0,0,0,0,0,0,0,0,0,0,0
158407,2020-11-01 10:40:28,2359,73,0,0,0,0,0,0,0,0,0,0,0,0,1,0,0
158408,2020-11-01 10:40:38,2380,75,0,0,0,0,0,0,0,0,0,0,0,0,1,0,0
158409,2020-11-01 10:41:46,2526,74,0,0,0,0,0,0,0,0,0,0,0,0,1,0,0
158410,2020-11-01 10:43:29,2597,74,0,0,1,0,0,0,0,0,0,0,0,0,0,0,0
158430,2020-11-01 10:54:04,3294,74,0,0,1,0,0,0,0,0,0,0,0,0,0,0,0
158442,2020-11-01 10:59:43,3301,73,0,1,0,1,0,0,0,0,0,0,0,0,0,0,0
158456,2020-11-01 11:05:07,3309,72,0,0,0,0,0,0,0,0,0,0,0,1,0,0,0
158470,2020-11-01 11:10:07,3328,73,0,0,1,0,0,0,0,0,0,0,0,0,0,0,0
158482,2020-11-01 11:20:06,3337,72,0,0,1,0,0,0,0,0,0,0,0,0,0,0,0
158557,2020-11-01 11:52:42,3359,69,0,0,1,0,0,0,0,0,0,0,0,0,0,0,0
158623,2020-11-01 12:30:06,3368,68,0,0,1,0,0,0,0,0,0,0,0,0,0,0,0
158645,2020-11-01 12:40:07,3375,68,0,0,1,0,0,0,0,0,0,0,0,0,0,0,0
158685,2020-11-01 13:00:06,3386,67,0,0,1,0,0,0,0,0,0,0,0,0,0,0,0
158697,2020-11-01 13:10:07,3403,66,0,0,1,0,0,0,0,0,0,0,0,0,0,0,0
158762,2020-11-01 13:38:06,3424,67,0,1,0,0,0,0,0,0,0,0,0,1,0,0,0
158836,2020-11-01 14:20:08,3432,66,0,0,1,0,0,0,0,0,0,0,0,0,0,0,0
158899,2020-11-01 15:00:07,3442,64,0,0,1,0,0,0,0,0,0,0,0,0,0,0,0
158905,2020-11-01 15:08:16,3451,64,0,1,0,0,0,0,0,0,0,0,0,1,0,0,0
158963,2020-11-01 15:33:19,3469,63,0,0,0,0,1,0,0,0,0,0,0,0,0,0,0
158989,2020-11-01 15:53:04,3490,63,0,0,1,0,0,0,0,0,0,0,0,0,0,0,0
159008,2020-11-01 16:04:48,3498,61,0,1,0,0,0,0,0,0,0,0,0,1,0,0,0
159034,2020-11-01 16:18:15,3509,61,0,1,0,0,0,0,0,0,0,0,0,1,0,0,0
159060,2020-11-01 16:30:10,3537,61,0,1,0,0,0,0,0,0,0,0,0,1,0,0,0
159086,2020-11-01 16:50:08,3570,61,0,0,1,0,0,0,0,0,0,0,0,0,0,0,0
159119,2020-11-01 17:10:09,3681,61,0,0,1,0,0,0,0,0,0,0,0,0,0,0,0
159188,2020-11-01 17:54:15,3838,58,0,1,0,0,0,0,0,0,0,0,0,1,0,0,0
159245,2020-11-01 18:39:05,3884,57,0,1,0,1,0,0,0,0,0,0,0,0,0,0,0
159266,2020-11-01 18:53:23,3933,55,0,1,0,1,0,0,0,0,0,0,0,0,0,0,0
159283,2020-11-01 19:08:12,3975,57,0,1,0,0,0,0,0,0,0,0,0,1,0,0,0
159322,2020-11-01 19:43:02,3982,54,0,1,0,0,0,0,0,0,0,0,0,1,0,0,0
159408,2020-11-01 21:00:06,3989,52,0,0,1,0,0,0,0,0,0,0,0,0,0,0,0
159429,2020-11-01 21:30:11,4030,52,0,0,1,0,0,0,0,0,0,0,0,0,0,0,0
159436,2020-11-01 21:40:10,4162,52,0,0,1,0,0,0,0,0,0,0,0,0,0,0,0
159442,2020-11-01 21:50:06,4176,63,1,0,1,0,0,0,0,0,0,0,0,0,0,0,0
159450,2020-11-01 22:11:34,4183,85,0,0,1,0,0,0,0,0,0,0,0,0,0,0,0
159454,2020-11-01 22:20:06,4191,83,0,0,1,0,0,0,0,0,0,0,0,0,0,0,0
159457,2020-11-01 22:30:05,4202,82,0,0,1,0,0,0,0,0,0,0,0,0,0,0,0
159464,2020-11-01 22:40:06,4211,81,0,0,1,0,0,0,0,0,0,0,0,0,0,0,0
159466,2020-11-01 22:50:06,4225,81,0,0,1,0,0,0,0,0,0,0,0,0,0,0,0
159485,2020-11-02 00:30:05,9,76,0,0,1,0,0,0,0,0,0,0,0,0,0,0,0
159488,2020-11-02 00:50:05,79,76,0,0,1,0,0,0,0,0,0,0,0,0,0,0,0
159496,2020-11-02 01:20:05,101,74,0,0,1,0,0,0,0,0,0,0,0,0,0,0,0
159503,2020-11-02 02:30:05,125,72,0,0,1,0,0,0,0,0,0,0,0,0,0,0,0
159504,2020-11-02 02:40:05,168,72,0,0,1,0,0,0,0,0,0,0,0,0,0,0,0
159564,2020-11-02 05:10:05,409,66,0,0,1,0,0,0,0,0,0,0,0,0,0,0,0
159568,2020-11-02 05:14:23,617,67,0,0,0,0,0,0,0,0,0,0,0,0,1,0,0
159570,2020-11-02 05:16:11,679,67,0,0,0,0,0,0,0,0,0,0,0,0,1,0,0
159571,2020-11-02 05:16:31,692,66,0,0,0,0,0,0,0,0,0,0,0,0,1,0,0
159576,2020-11-02 05:23:23,706,66,0,0,1,0,0,0,0,0,0,0,0,0,0,0,0
159597,2020-11-02 06:26:50,770,64,0,0,0,0,0,0,0,0,0,0,0,0,1,0,0
159598,2020-11-02 06:27:00,786,63,0,0,0,0,0,0,0,0,0,0,0,0,1,0,0
159599,2020-11-02 06:27:10,807,63,0,0,0,0,0,0,0,0,0,0,0,0,1,0,0
159600,2020-11-02 06:27:20,828,64,0,0,0,0,0,0,0,0,0,0,0,0,1,0,0
159601,2020-11-02 06:28:39,996,64,0,0,0,0,0,0,0,0,0,0,0,0,1,0,0
159602,2020-11-02 06:28:49,1017,64,0,0,0,0,0,0,0,0,0,0,0,0,1,0,0
159603,2020-11-02 06:29:48,1150,64,0,0,0,0,0,0,0,0,0,0,0,0,1,0,0
159604,2020-11-02 06:29:57,1173,65,0,0,0,0,0,0,0,0,0,0,0,0,1,0,0
159608,2020-11-02 06:32:11,1265,64,0,0,1,0,0,0,0,0,0,0,0,0,0,0,0
159615,2020-11-02 06:41:43,1916,64,0,0,1,0,0,0,0,0,0,0,0,0,0,0,0
159619,2020-11-02 06:47:05,1924,64,0,0,0,0,1,0,0,0,0,0,0,0,0,0,0
159636,2020-11-02 07:00:06,2048,63,0,0,1,0,0,0,0,0,0,0,0,0,0,0,0
159642,2020-11-02 07:10:04,2139,63,0,0,1,0,0,0,0,0,0,0,0,0,0,0,0
159663,2020-11-02 07:26:48,2164,62,0,1,0,1,0,0,0,0,0,0,0,0,0,0,0
159668,2020-11-02 07:30:37,2175,62,0,1,0,0,0,0,0,0,0,0,0,1,0,0,0
159687,2020-11-02 07:43:05,2186,61,0,0,1,0,0,0,0,0,0,0,0,0,0,0,0
159724,2020-11-02 08:07:45,2197,59,0,1,0,0,0,0,0,0,0,0,0,1,0,0,0
159753,2020-11-02 08:30:53,2206,59,0,1,0,0,0,0,0,0,0,0,0,1,0,0,0
159811,2020-11-02 09:00:06,2224,57,0,0,1,0,0,0,0,0,0,0,0,0,0,0,0
159833,2020-11-02 09:10:06,2240,58,0,0,1,0,0,0,0,0,0,0,0,0,0,0,0
159836,2020-11-02 09:13:02,2251,57,0,1,0,1,0,0,0,0,0,0,0,0,0,0,0
159859,2020-11-02 09:31:04,2259,57,0,0,1,0,0,0,0,0,0,0,0,0,0,0,0
159902,2020-11-02 09:48:26,2850,58,0,0,0,0,0,1,0,0,0,0,0,0,0,0,0
159903,2020-11-02 09:48:29,2857,58,0,0,0,0,1,0,0,0,0,0,0,0,0,0,0
159908,2020-11-02 09:50:08,3042,58,0,0,1,0,0,0,0,0,0,0,0,0,0,0,0
159934,2020-11-02 10:00:06,3964,58,0,0,1,0,0,0,0,0,0,0,0,0,0,0,0
159944,2020-11-02 10:08:48,4829,57,0,0,0,0,0,0,0,0,0,0,0,0,1,0,0
159945,2020-11-02 10:09:26,4881,58,0,0,0,0,0,0,0,0,0,0,0,0,1,0,0
159946,2020-11-02 10:09:46,4907,56,0,0,0,0,0,0,0,0,0,0,0,0,1,0,0
159949,2020-11-02 10:10:05,4934,58,0,0,0,0,0,0,0,0,0,0,0,0,1,0,0
159956,2020-11-02 10:10:17,4948,56,0,0,0,0,0,0,0,0,0,0,0,0,1,0,0
159959,2020-11-02 10:11:37,5062,57,0,0,0,0,0,0,0,0,0,0,0,0,1,0,0
159973,2020-11-02 10:21:55,5167,56,0,0,1,0,0,0,0,0,0,0,0,0,0,0,0
160004,2020-11-02 10:33:52,5185,55,0,0,0,0,1,0,0,0,0,0,0,0,0,0,0
160095,2020-11-02 11:10:05,5627,54,0,0,1,0,0,0,0,0,0,0,0,0,0,0,0
160120,2020-11-02 11:20:10,5719,54,0,0,1,0,0,0,0,0,0,0,0,0,0,0,0
163820,2020-11-04 10:34:45,5373,66,0,0,0,0,0,0,0,0,0,0,0,0,1,0,0
163827,2020-11-04 10:40:06,5508,64,0,0,1,0,0,0,0,0,0,0,0,0,0,0,0
163853,2020-11-04 10:50:04,5563,65,0,0,1,0,0,0,0,0,0,0,0,0,0,0,0
163918,2020-11-04 11:10:03,5814,64,0,0,1,0,0,0,0,0,0,0,0,0,0,0,0
163951,2020-11-04 11:20:05,5821,63,0,0,1,0,0,0,0,0,0,0,0,0,0,0,0
163968,2020-11-04 11:30:05,5840,63,0,0,1,0,0,0,0,0,0,0,0,0,0,0,0
163988,2020-11-04 11:40:06,5972,63,0,0,1,0,0,0,0,0,0,0,0,0,0,0,0
164009,2020-11-04 11:50:03,6221,62,0,0,1,0,0,0,0,0,0,0,0,0,0,0,0
164040,2020-11-04 12:00:05,6262,62,0,0,1,0,0,0,0,0,0,0,0,0,0,0,0
164061,2020-11-04 12:10:05,6409,62,0,0,1,0,0,0,0,0,0,0,0,0,0,0,0
164081,2020-11-04 12:20:04,6436,61,0,0,1,0,0,0,0,0,0,0,0,0,0,0,0
164110,2020-11-04 12:30:05,6501,61,0,0,1,0,0,0,0,0,0,0,0,0,0,0,0
164143,2020-11-04 12:40:04,6546,59,0,0,1,0,0,0,0,0,0,0,0,0,0,0,0
164228,2020-11-04 13:10:05,6554,59,0,0,1,0,0,0,0,0,0,0,0,0,0,0,0
164255,2020-11-04 13:20:05,6860,59,0,0,1,0,0,0,0,0,0,0,0,0,0,0,0
164265,2020-11-04 13:22:20,7113,58,0,0,0,0,0,0,0,0,0,0,0,0,1,0,0
164271,2020-11-04 13:23:28,7250,59,0,0,0,0,0,0,0,0,0,0,0,0,1,0,0
164273,2020-11-04 13:23:37,7271,59,0,0,0,0,0,0,0,0,0,0,0,0,1,0,0
164276,2020-11-04 13:23:47,7291,59,0,0,0,0,0,0,0,0,0,0,0,0,1,0,0
164278,2020-11-04 13:23:57,7313,59,0,0,0,0,0,0,0,0,0,0,0,0,1,0,0
164280,2020-11-04 13:24:07,7334,59,0,0,0,0,0,0,0,0,0,0,0,0,1,0,0
164281,2020-11-04 13:24:17,7354,58,0,0,0,0,0,0,0,0,0,0,0,0,1,0,0
164283,2020-11-04 13:24:27,7374,58,0,0,0,0,0,0,0,0,0,0,0,0,1,0,0
164284,2020-11-04 13:24:37,7394,58,0,0,0,0,0,0,0,0,0,0,0,0,1,0,0
164285,2020-11-04 13:24:46,7415,57,0,0,0,0,0,0,0,0,0,0,0,0,1,0,0
164286,2020-11-04 13:25:26,7496,60,0,0,0,0,0,0,0,0,0,0,0,0,1,0,0
164287,2020-11-04 13:25:36,7517,58,0,0,0,0,0,0,0,0,0,0,0,0,1,0,0
164289,2020-11-04 13:25:46,7537,59,0,0,0,0,0,0,0,0,0,0,0,0,1,0,0
164291,2020-11-04 13:25:55,7557,58,0,0,0,0,0,0,0,0,0,0,0,0,1,0,0
164292,2020-11-04 13:26:05,7578,58,0,0,0,0,0,0,0,0,0,0,0,0,1,0,0
164293,2020-11-04 13:26:14,7598,59,0,0,0,0,0,0,0,0,0,0,0,0,1,0,0
164294,2020-11-04 13:26:24,7619,58,0,0,0,0,0,0,0,0,0,0,0,0,1,0,0
164295,2020-11-04 13:26:34,7638,59,0,0,0,0,0,0,0,0,0,0,0,0,1,0,0
164299,2020-11-04 13:30:04,8012,59,0,0,1,0,0,0,0,0,0,0,0,0,0,0,0
164319,2020-11-04 13:40:05,9062,57,0,0,1,0,0,0,0,0,0,0,0,0,0,0,0
164342,2020-11-04 13:50:06,9521,58,0,0,1,0,0,0,0,0,0,0,0,0,0,0,0
164349,2020-11-04 13:59:10,9734,58,0,0,0,0,1,0,0,0,0,0,0,0,0,0,0
164390,2020-11-04 14:10:06,9741,58,0,0,1,0,0,0,0,0,0,0,0,0,0,0,0
164420,2020-11-04 14:20:07,9760,56,0,0,1,0,0,0,0,0,0,0,0,0,0,0,0
164455,2020-11-04 14:40:06,9770,56,0,0,1,0,0,0,0,0,0,0,0,0,0,0,0
164511,2020-11-04 15:00:05,10160,55,0,0,1,0,0,0,0,0,0,0,0,0,0,0,0
164552,2020-11-04 15:20:05,10278,56,0,0,1,0,0,0,0,0,0,0,0,0,0,0,0
164645,2020-11-04 15:50:06,10462,54,0,0,1,0,0,0,0,0,0,0,0,0,0,0,0
164743,2020-11-04 16:24:48,10503,51,0,0,0,0,0,1,0,0,0,0,0,0,0,0,0
164763,2020-11-04 16:30:05,10510,52,0,0,1,0,0,0,0,0,0,0,0,0,0,0,0
164792,2020-11-04 16:40:05,10524,51,0,0,1,0,0,0,0,0,0,0,0,0,0,0,0
164814,2020-11-04 16:50:05,10538,52,0,0,1,0,0,0,0,0,0,0,0,0,0,0,0
164847,2020-11-04 17:00:05,10586,51,0,0,1,0,0,0,0,0,0,0,0,0,0,0,0
164875,2020-11-04 17:10:05,10692,51,0,0,1,0,0,0,0,0,0,0,0,0,0,0,0
164879,2020-11-04 17:10:19,10696,51,0,1,0,1,0,0,0,0,0,0,0,0,0,0,0
164881,2020-11-04 17:12:58,10706,50,0,0,0,0,0,0,0,0,0,0,0,0,0,1,0
164883,2020-11-04 17:19:03,10730,51,0,1,0,0,0,0,0,0,0,0,0,1,0,0,0
164962,2020-11-04 17:53:45,10747,49,0,1,0,0,0,0,0,0,0,0,0,1,0,0,0
165020,2020-11-04 18:20:03,10762,50,0,0,1,0,0,0,0,0,0,0,0,0,0,0,0
165116,2020-11-04 19:30:09,10922,48,0,0,1,0,0,0,0,0,0,0,0,0,0,0,0
165125,2020-11-04 19:39:48,10938,46,0,1,0,0,0,0,0,0,0,0,0,1,0,0,0
165151,2020-11-04 20:00:06,10953,46,0,0,1,0,0,0,0,0,0,0,0,0,0,0,0
165163,2020-11-04 20:10:05,10984,47,0,0,1,0,0,0,0,0,0,0,0,0,0,0,0
165170,2020-11-04 20:20:05,11027,45,0,0,1,0,0,0,0,0,0,0,0,0,0,0,0
165182,2020-11-04 20:30:05,11075,45,0,0,1,0,0,0,0,0,0,0,0,0,0,0,0
165213,2020-11-04 21:10:05,11082,44,0,0,1,0,0,0,0,0,0,0,0,0,0,0,0
165235,2020-11-04 21:40:05,11174,42,0,0,1,0,0,0,0,0,0,0,0,0,0,0,0
165252,2020-11-04 22:20:03,11255,76,0,0,1,0,0,0,0,0,0,0,0,0,0,0,0
165287,2020-11-05 01:10:03,11,68,0,0,1,0,0,0,0,0,0,0,0,0,0,0,0
165288,2020-11-05 01:40:04,18,67,0,0,1,0,0,0,0,0,0,0,0,0,0,0,0
165289,2020-11-05 01:50:03,33,67,0,0,1,0,0,0,0,0,0,0,0,0,0,0,0
165290,2020-11-05 02:00:03,74,66,0,0,1,0,0,0,0,0,0,0,0,0,0,0,0
165303,2020-11-05 04:20:03,88,62,0,0,1,0,0,0,0,0,0,0,0,0,0,0,0
165306,2020-11-05 04:30:05,113,62,0,0,1,0,0,0,0,0,0,0,0,0,0,0,0
165315,2020-11-05 05:03:34,192,60,0,0,0,0,1,0,0,0,0,0,0,0,0,0,0
165316,2020-11-05 05:10:01,334,60,0,1,0,1,0,0,0,0,0,0,0,0,0,0,0
165319,2020-11-05 05:14:24,547,61,0,0,0,0,0,0,0,0,0,0,0,0,1,0,0
165320,2020-11-05 05:14:43,555,62,0,0,0,0,0,0,0,0,0,0,0,0,1,0,0
165322,2020-11-05 05:16:41,627,61,0,0,0,0,0,0,0,0,0,0,0,0,1,0,0
165325,2020-11-05 05:20:05,650,61,0,0,1,0,0,0,0,0,0,0,0,0,0,0,0
165381,2020-11-05 06:42:14,724,58,0,0,0,0,0,0,0,0,0,0,0,0,1,0,0
165382,2020-11-05 06:42:33,747,57,0,0,0,0,0,0,0,0,0,0,0,0,1,0,0
165384,2020-11-05 06:44:02,939,57,0,0,0,0,0,0,0,0,0,0,0,0,1,0,0
165386,2020-11-05 06:44:12,961,57,0,0,0,0,0,0,0,0,0,0,0,0,1,0,0
165387,2020-11-05 06:44:22,982,57,0,0,0,0,0,0,0,0,0,0,0,0,1,0,0
165388,2020-11-05 06:44:32,1004,57,0,0,0,0,0,0,0,0,0,0,0,0,1,0,0
165389,2020-11-05 06:45:22,1117,58,0,0,0,0,0,0,0,0,0,0,0,0,1,0,0
165390,2020-11-05 06:45:31,1139,58,0,0,0,0,0,0,0,0,0,0,0,0,1,0,0
165405,2020-11-05 06:53:28,1841,57,0,0,1,0,0,0,0,0,0,0,0,0,0,0,0
165454,2020-11-05 07:12:13,2020,57,0,1,0,0,0,0,0,0,0,0,0,1,0,0,0
165474,2020-11-05 07:20:05,2069,56,0,0,1,0,0,0,0,0,0,0,0,0,0,0,0
165533,2020-11-05 07:45:34,2140,55,0,1,0,0,0,0,0,0,0,0,0,1,0,0,0
165554,2020-11-05 07:58:51,2151,54,0,1,0,1,0,0,0,0,0,0,0,0,0,0,0
165699,2020-11-05 08:55:07,2638,52,0,0,0,0,0,0,0,0,0,0,0,0,1,0,0
165761,2020-11-05 09:20:04,2698,54,0,0,1,0,0,0,0,0,0,0,0,0,0,0,0
165774,2020-11-05 09:29:48,2705,50,0,1,0,0,0,0,0,0,0,0,0,1,0,0,0
165787,2020-11-05 09:38:33,2735,52,0,1,0,0,0,0,0,0,0,0,0,1,0,0,0
165802,2020-11-05 09:42:58,2742,52,0,1,0,0,0,0,0,0,0,0,0,1,0,0,0
165826,2020-11-05 09:50:08,2754,50,0,0,1,0,0,0,0,0,0,0,0,0,0,0,0
165861,2020-11-05 10:06:52,2780,51,0,1,0,0,0,0,0,0,0,0,0,1,0,0,0
165882,2020-11-05 10:14:03,2787,50,0,0,0,0,1,0,0,0,0,0,0,0,0,0,0
165896,2020-11-05 10:20:05,2810,50,0,0,1,0,0,0,0,0,0,0,0,0,0,0,0
165967,2020-11-05 10:37:30,2864,50,0,1,0,0,0,0,0,0,0,0,0,1,0,0,0
166081,2020-11-05 11:10:10,2875,49,0,0,1,0,0,0,0,0,0,0,0,0,0,0,0
166125,2020-11-05 11:28:39,2909,48,0,1,0,0,0,0,0,0,0,0,0,1,0,0,0
166132,2020-11-05 11:30:07,2916,48,0,0,1,0,0,0,0,0,0,0,0,0,0,0,0
166139,2020-11-05 11:34:39,2939,47,0,1,0,0,0,0,0,0,0,0,0,1,0,0,0
166192,2020-11-05 11:50:08,2949,47,0,0,1,0,0,0,0,0,0,0,0,0,0,0,0
166201,2020-11-05 11:51:23,2975,48,0,1,0,0,0,0,0,0,0,0,0,1,0,0,0
166241,2020-11-05 12:00:09,3214,48,0,0,1,0,0,0,0,0,0,0,0,0,0,0,0
166255,2020-11-05 12:03:33,3244,47,0,0,0,0,0,0,0,0,0,0,0,0,1,0,0
166302,2020-11-05 12:16:27,3251,48,0,0,0,0,0,0,0,0,0,0,0,0,1,0,0
166317,2020-11-05 12:20:07,3342,46,0,0,1,0,0,0,0,0,0,0,0,0,0,0,0
166500,2020-11-05 13:20:07,3445,46,0,0,1,0,0,0,0,0,0,0,0,0,0,0,0
166529,2020-11-05 13:30:07,3593,46,0,0,1,0,0,0,0,0,0,0,0,0,0,0,0
166614,2020-11-05 14:09:36,3829,45,0,0,0,0,0,0,0,0,0,0,0,0,1,0,0
166657,2020-11-05 14:30:08,4051,43,0,0,1,0,0,0,0,0,0,0,0,0,0,0,0
166663,2020-11-05 14:35:17,4058,43,0,1,0,1,0,0,0,0,0,0,0,0,0,0,0
166717,2020-11-05 14:50:09,4131,43,0,0,1,0,0,0,0,0,0,0,0,0,0,0,0
166832,2020-11-05 15:18:33,4261,41,0,1,0,0,0,0,0,0,0,0,0,1,0,0,0
167052,2020-11-05 16:30:13,4271,39,0,0,1,0,0,0,0,0,0,0,0,0,0,0,0
167087,2020-11-05 16:43:31,4279,38,0,1,0,0,0,0,0,0,0,0,0,1,0,0,0
167102,2020-11-05 16:50:13,4287,38,0,0,1,0,0,0,0,0,0,0,0,0,0,0,0
167124,2020-11-05 17:00:14,4295,39,0,0,1,0,0,0,0,0,0,0,0,0,0,0,0
167170,2020-11-05 17:18:55,4305,37,0,1,0,0,0,0,0,0,0,0,0,1,0,0,0
167196,2020-11-05 17:25:56,4323,37,0,0,0,0,0,0,0,0,0,0,0,1,0,0,0
167270,2020-11-05 18:00:07,4330,36,0,0,1,0,0,0,0,0,0,0,0,0,0,0,0
167299,2020-11-05 18:10:38,4350,36,0,1,0,0,0,0,0,0,0,0,0,1,0,0,0
167317,2020-11-05 18:23:42,4421,35,0,0,0,0,1,0,0,0,0,0,0,0,0,0,0
167329,2020-11-05 18:30:07,4443,36,0,0,1,0,0,0,0,0,0,0,0,0,0,0,0
167345,2020-11-05 18:49:41,4590,35,0,1,0,0,0,0,0,0,0,0,0,1,0,0,0
167386,2020-11-05 19:10:06,4597,34,0,0,1,0,0,0,0,0,0,0,0,0,0,0,0
167442,2020-11-05 19:40:07,4612,34,0,0,1,0,0,0,0,0,0,0,0,0,0,0,0
167467,2020-11-05 19:56:14,4623,33,0,0,0,0,1,0,0,0,0,0,0,0,0,0,0
167471,2020-11-05 20:00:06,4651,33,0,0,1,0,0,0,0,0,0,0,0,0,0,0,0
167499,2020-11-05 20:40:07,4658,33,0,0,1,0,0,0,0,0,0,0,0,0,0,0,0
167507,2020-11-05 20:50:08,4674,33,0,0,1,0,0,0,0,0,0,0,0,0,0,0,0
167524,2020-11-05 21:04:19,4681,33,0,1,0,0,0,0,0,0,0,0,0,1,0,0,0
167532,2020-11-05 21:14:35,4688,32,0,1,0,0,0,0,0,0,0,0,0,1,0,0,0
167540,2020-11-05 21:30:08,4731,32,0,0,1,0,0,0,0,0,0,0,0,0,0,0,0
167546,2020-11-05 21:40:08,4739,32,0,0,1,0,0,0,0,0,0,0,0,0,0,0,0
167568,2020-11-05 22:20:13,4747,79,0,0,1,0,0,0,0,0,0,0,0,0,0,0,0
167570,2020-11-05 22:30:07,4873,77,0,0,1,0,0,0,0,0,0,0,0,0,0,0,0
167586,2020-11-05 23:10:08,4968,75,0,0,1,0,0,0,0,0,0,0,0,0,0,0,0
167611,2020-11-06 00:20:07,45,73,0,0,1,0,0,0,0,0,0,0,0,0,0,0,0
167616,2020-11-06 00:40:09,70,71,0,0,1,0,0,0,0,0,0,0,0,0,0,0,0
167634,2020-11-06 02:10:07,101,68,0,0,1,0,0,0,0,0,0,0,0,0,0,0,0
167636,2020-11-06 02:20:09,122,68,0,0,1,0,0,0,0,0,0,0,0,0,0,0,0
167645,2020-11-06 03:20:07,130,66,0,0,1,0,0,0,0,0,0,0,0,0,0,0,0
167646,2020-11-06 03:57:10,142,64,0,0,0,0,1,0,0,0,0,0,0,0,0,0,0
167647,2020-11-06 04:00:06,149,64,0,0,1,0,0,0,0,0,0,0,0,0,0,0,0
167648,2020-11-06 04:10:07,159,64,0,0,1,0,0,0,0,0,0,0,0,0,0,0,0
167662,2020-11-06 05:00:07,212,62,0,0,1,0,0,0,0,0,0,0,0,0,0,0,0
167668,2020-11-06 05:14:21,625,62,0,0,0,0,0,0,0,0,0,0,0,0,1,0,0
167669,2020-11-06 05:15:00,632,63,0,0,0,0,0,0,0,0,0,0,0,0,1,0,0
167670,2020-11-06 05:17:28,705,63,0,0,0,0,0,0,0,0,0,0,0,0,1,0,0
167676,2020-11-06 05:35:03,730,62,0,0,1,0,0,0,0,0,0,0,0,0,0,0,0
167693,2020-11-06 06:10:12,737,60,0,0,1,0,0,0,0,0,0,0,0,0,0,0,0
167716,2020-11-06 06:55:07,806,59,0,0,0,0,0,0,0,0,0,0,0,0,1,0,0
167717,2020-11-06 06:55:16,814,59,0,0,0,0,0,0,0,0,0,0,0,0,1,0,0
167718,2020-11-06 06:55:26,836,58,0,0,0,0,0,0,0,0,0,0,0,0,1,0,0
167719,2020-11-06 06:56:54,1019,58,0,0,0,0,0,0,0,0,0,0,0,0,1,0,0
167720,2020-11-06 06:57:04,1042,58,0,0,0,0,0,0,0,0,0,0,0,0,1,0,0
167721,2020-11-06 06:57:14,1062,58,0,0,0,0,0,0,0,0,0,0,0,0,1,0,0
167722,2020-11-06 06:57:24,1084,58,0,0,0,0,0,0,0,0,0,0,0,0,1,0,0
167724,2020-11-06 06:58:13,1193,59,0,0,0,0,0,0,0,0,0,0,0,0,1,0,0
167725,2020-11-06 06:58:23,1214,59,0,0,0,0,0,0,0,0,0,0,0,0,1,0,0
167726,2020-11-06 06:58:32,1236,59,0,0,0,0,0,0,0,0,0,0,0,0,1,0,0
168767,2020-11-06 14:58:37,8103,44,0,0,0,0,0,0,0,0,0,0,0,0,1,0,0
168778,2020-11-06 15:00:09,8110,43,0,0,1,0,0,0,0,0,0,0,0,0,0,0,0
168796,2020-11-06 15:10:07,8128,43,0,0,1,0,0,0,0,0,0,0,0,0,0,0,0
168820,2020-11-06 15:20:08,8167,43,0,0,1,0,0,0,0,0,0,0,0,0,0,0,0
168863,2020-11-06 15:30:06,8174,43,0,0,1,0,0,0,0,0,0,0,0,0,0,0,0
168942,2020-11-06 16:00:07,8207,41,0,0,1,0,0,0,0,0,0,0,0,0,0,0,0
168988,2020-11-06 16:21:03,8230,41,0,0,1,0,0,0,0,0,0,0,0,0,0,0,0
169030,2020-11-06 16:41:53,8290,41,0,0,1,0,0,0,0,0,0,0,0,0,0,0,0
169121,2020-11-06 17:03:04,8312,40,0,0,1,0,0,0,0,0,0,0,0,0,0,0,0
169142,2020-11-06 17:10:07,8337,39,0,0,1,0,0,0,0,0,0,0,0,0,0,0,0
169179,2020-11-06 17:23:17,8502,40,0,0,1,0,0,0,0,0,0,0,0,0,0,0,0
169221,2020-11-06 17:40:08,8509,39,0,0,1,0,0,0,0,0,0,0,0,0,0,0,0
169242,2020-11-06 17:50:06,8568,39,0,0,1,0,0,0,0,0,0,0,0,0,0,0,0
169285,2020-11-06 18:09:40,8575,37,0,0,0,0,1,0,0,0,0,0,0,0,0,0,0
169320,2020-11-06 18:30:06,8583,36,0,0,1,0,0,0,0,0,0,0,0,0,0,0,0
169351,2020-11-06 18:50:08,8597,37,0,0,1,0,0,0,0,0,0,0,0,0,0,0,0
169403,2020-11-06 19:20:08,8604,36,0,0,1,0,0,0,0,0,0,0,0,0,0,0,0
169436,2020-11-06 19:40:13,8618,36,0,0,1,0,0,0,0,0,0,0,0,0,0,0,0
169461,2020-11-06 20:00:08,8629,34,0,0,1,0,0,0,0,0,0,0,0,0,0,0,0
169471,2020-11-06 20:10:09,8661,34,0,0,1,0,0,0,0,0,0,0,0,0,0,0,0
169478,2020-11-06 20:20:06,8668,33,0,0,1,0,0,0,0,0,0,0,0,0,0,0,0
169503,2020-11-06 20:50:09,8683,33,0,0,1,0,0,0,0,0,0,0,0,0,0,0,0
169522,2020-11-06 21:10:11,8781,33,0,0,1,0,0,0,0,0,0,0,0,0,0,0,0
169539,2020-11-06 21:30:07,8796,33,0,0,1,0,0,0,0,0,0,0,0,0,0,0,0
169550,2020-11-06 21:41:59,8835,32,0,0,0,0,1,0,0,0,0,0,0,0,0,0,0
169557,2020-11-06 21:50:07,8845,47,1,0,1,0,0,0,0,0,0,0,0,0,0,0,0
169598,2020-11-06 23:30:07,8909,99,0,0,1,0,0,0,0,0,0,0,0,0,0,0,0
169602,2020-11-06 23:40:09,8926,99,0,0,1,0,0,0,0,0,0,0,0,0,0,0,0
169613,2020-11-07 00:20:11,35,97,0,0,1,0,0,0,0,0,0,0,0,0,0,0,0
169619,2020-11-07 01:20:07,42,94,0,0,1,0,0,0,0,0,0,0,0,0,0,0,0
169626,2020-11-07 02:04:42,55,93,0,0,0,0,1,0,0,0,0,0,0,0,0,0,0
169628,2020-11-07 02:40:06,62,92,0,0,1,0,0,0,0,0,0,0,0,0,0,0,0
169629,2020-11-07 02:46:08,83,90,0,0,0,0,1,0,0,0,0,0,0,0,0,0,0
169636,2020-11-07 03:30:06,90,89,0,0,1,0,0,0,0,0,0,0,0,0,0,0,0
169659,2020-11-07 04:55:17,112,85,0,0,0,0,1,0,0,0,0,0,0,0,0,0,0
169662,2020-11-07 05:10:07,119,85,0,0,1,0,0,0,0,0,0,0,0,0,0,0,0
169677,2020-11-07 05:50:07,126,83,0,0,1,0,0,0,0,0,0,0,0,0,0,0,0
169682,2020-11-07 06:00:07,135,83,0,0,1,0,0,0,0,0,0,0,0,0,0,0,0
169690,2020-11-07 06:10:07,149,83,0,0,1,0,0,0,0,0,0,0,0,0,0,0,0
169707,2020-11-07 06:40:07,156,82,0,0,1,0,0,0,0,0,0,0,0,0,0,0,0
169718,2020-11-07 07:00:06,242,81,0,0,1,0,0,0,0,0,0,0,0,0,0,0,0
169730,2020-11-07 07:10:06,250,80,0,0,1,0,0,0,0,0,0,0,0,0,0,0,0
169760,2020-11-07 07:40:07,433,80,0,0,1,0,0,0,0,0,0,0,0,0,0,0,0
169775,2020-11-07 07:50:08,555,79,0,0,1,0,0,0,0,0,0,0,0,0,0,0,0
169781,2020-11-07 07:52:01,709,80,0,0,0,0,0,0,0,0,0,0,0,0,1,0,0
169791,2020-11-07 08:00:06,866,79,0,0,1,0,0,0,0,0,0,0,0,0,0,0,0
169796,2020-11-07 08:05:31,1376,79,0,0,0,0,1,0,0,0,0,0,0,0,0,0,0
169801,2020-11-07 08:10:08,1808,79,0,0,1,0,0,0,0,0,0,0,0,0,0,0,0
169806,2020-11-07 08:13:18,2175,80,0,0,0,0,0,0,0,0,0,0,0,0,1,0,0
169808,2020-11-07 08:13:28,2187,79,0,0,0,0,0,0,0,0,0,0,0,0,1,0,0
169809,2020-11-07 08:13:37,2203,79,0,0,0,0,0,0,0,0,0,0,0,0,1,0,0
169810,2020-11-07 08:13:47,2215,80,0,0,0,0,0,0,0,0,0,0,0,0,1,0,0
169811,2020-11-07 08:13:57,2235,80,0,0,0,0,0,0,0,0,0,0,0,0,1,0,0
169813,2020-11-07 08:14:27,2248,79,0,0,0,0,0,0,0,0,0,0,0,0,1,0,0
169814,2020-11-07 08:14:37,2260,78,0,0,0,0,0,0,0,0,0,0,0,0,1,0,0
169815,2020-11-07 08:14:47,2280,78,0,0,0,0,0,0,0,0,0,0,0,0,1,0,0
169828,2020-11-07 08:22:58,2287,78,0,0,0,0,0,0,0,0,0,0,0,0,1,0,0
169829,2020-11-07 08:27:04,2306,79,0,0,0,0,0,0,0,0,0,0,0,0,1,0,0
169830,2020-11-07 08:27:14,2322,79,0,0,0,0,0,0,0,0,0,0,0,0,1,0,0
169832,2020-11-07 08:27:44,2368,77,0,0,0,0,0,0,0,0,0,0,0,0,1,0,0
169833,2020-11-07 08:27:55,2384,77,0,0,0,0,0,0,0,0,0,0,0,0,1,0,0
169835,2020-11-07 08:28:05,2398,78,0,0,0,0,0,0,0,0,0,0,0,0,1,0,0
169836,2020-11-07 08:28:15,2416,77,0,0,0,0,0,0,0,0,0,0,0,0,1,0,0
169837,2020-11-07 08:28:25,2428,79,0,0,0,0,0,0,0,0,0,0,0,0,1,0,0
169838,2020-11-07 08:28:35,2448,78,0,0,0,0,0,0,0,0,0,0,0,0,1,0,0
169840,2020-11-07 08:28:44,2466,78,0,0,0,0,0,0,0,0,0,0,0,0,1,0,0
169841,2020-11-07 08:28:55,2481,77,0,0,0,0,0,0,0,0,0,0,0,0,1,0,0
169842,2020-11-07 08:29:05,2497,80,0,0,0,0,0,0,0,0,0,0,0,0,1,0,0
169843,2020-11-07 08:29:15,2516,78,0,0,0,0,0,0,0,0,0,0,0,0,1,0,0
169845,2020-11-07 08:29:25,2535,78,0,0,0,0,0,0,0,0,0,0,0,0,1,0,0
169846,2020-11-07 08:29:34,2554,78,0,0,0,0,0,0,0,0,0,0,0,0,1,0,0
169850,2020-11-07 08:30:07,2610,78,0,0,1,0,0,0,0,0,0,0,0,0,0,0,0
169866,2020-11-07 08:40:07,3474,78,0,0,1,0,0,0,0,0,0,0,0,0,0,0,0
169869,2020-11-07 08:45:24,3530,76,0,0,0,0,1,0,0,0,0,0,0,0,0,0,0
169880,2020-11-07 08:55:42,3621,76,0,1,0,0,0,0,0,0,0,0,0,1,0,0,0
169885,2020-11-07 09:00:07,3630,77,0,0,1,0,0,0,0,0,0,0,0,0,0,0,0
169897,2020-11-07 09:10:05,3655,77,0,0,1,0,0,0,0,0,0,0,0,0,0,0,0
169944,2020-11-07 09:53:40,3704,74,0,1,0,1,0,0,0,0,0,0,0,0,0,0,0
169955,2020-11-07 10:00:30,3711,74,0,1,0,1,0,0,0,0,0,0,0,0,0,0,0
169970,2020-11-07 10:10:07,3770,73,0,0,1,0,0,0,0,0,0,0,0,0,0,0,0
170021,2020-11-07 10:36:13,3800,74,0,1,0,1,0,0,0,0,0,0,0,0,0,0,0
170026,2020-11-07 10:39:04,3812,72,0,1,0,0,0,0,0,0,0,0,0,1,0,0,0
170101,2020-11-07 11:06:40,3832,72,0,1,0,1,0,0,0,0,0,0,0,0,0,0,0
170102,2020-11-07 11:09:25,3839,71,0,1,0,0,0,0,0,0,0,0,0,1,0,0,0
170132,2020-11-07 11:20:07,3946,72,0,0,1,0,0,0,0,0,0,0,0,0,0,0,0
170183,2020-11-07 11:40:11,3964,71,0,0,1,0,0,0,0,0,0,0,0,0,0,0,0
170214,2020-11-07 11:52:36,3971,70,0,1,0,0,0,0,0,0,0,0,0,1,0,0,0
170229,2020-11-07 12:00:14,3993,69,0,0,1,0,0,0,0,0,0,0,0,0,0,0,0
170385,2020-11-07 13:00:12,4022,67,0,0,1,0,0,0,0,0,0,0,0,0,0,0,0
170433,2020-11-07 13:17:04,4032,66,0,1,0,0,0,0,0,0,0,0,0,1,0,0,0
170519,2020-11-07 13:58:15,4113,66,0,1,0,0,0,0,0,0,0,0,0,1,0,0,0
170529,2020-11-07 14:00:14,4122,66,0,0,1,0,0,0,0,0,0,0,0,0,0,0,0
170546,2020-11-07 14:10:11,4153,65,0,0,1,0,0,0,0,0,0,0,0,0,0,0,0
170565,2020-11-07 14:20:12,4160,66,0,0,1,0,0,0,0,0,0,0,0,0,0,0,0
170605,2020-11-07 14:44:28,4189,65,0,1,0,0,0,0,0,0,0,0,0,1,0,0,0
170610,2020-11-07 14:48:32,4311,65,0,0,0,0,1,0,0,0,0,0,0,0,0,0,0
170641,2020-11-07 14:54:43,4690,66,0,0,1,0,0,0,0,0,0,0,0,0,0,0,0
170645,2020-11-07 14:55:27,4750,65,0,0,0,0,0,0,0,0,0,0,0,0,1,0,0
170652,2020-11-07 14:56:06,4757,64,0,0,0,0,0,0,0,0,0,0,0,0,1,0,0
170847,2020-11-07 16:10:12,4764,62,0,0,1,0,0,0,0,0,0,0,0,0,0,0,0
170861,2020-11-07 16:20:13,4774,62,0,0,1,0,0,0,0,0,0,0,0,0,0,0,0
170907,2020-11-07 16:40:12,4782,61,0,0,1,0,0,0,0,0,0,0,0,0,0,0,0
171000,2020-11-07 17:11:28,4796,59,0,0,1,0,0,0,0,0,0,0,0,0,0,0,0
171007,2020-11-07 17:12:41,4803,60,0,0,0,0,0,0,0,0,0,0,0,0,1,0,0
171008,2020-11-07 17:12:51,4822,60,0,0,0,0,0,0,0,0,0,0,0,0,1,0,0
171010,2020-11-07 17:13:00,4837,59,0,0,0,0,0,0,0,0,0,0,0,0,1,0,0
171011,2020-11-07 17:13:15,4860,59,0,0,0,0,0,0,0,0,0,0,0,0,1,0,0
171012,2020-11-07 17:13:20,4883,59,0,0,0,0,0,0,0,0,0,0,0,0,1,0,0
171024,2020-11-07 17:17:20,5173,60,0,0,0,0,1,0,0,0,0,0,0,0,0,0,0
171046,2020-11-07 17:21:28,5223,60,0,0,1,0,0,0,0,0,0,0,0,0,0,0,0
171110,2020-11-07 17:40:07,5257,59,0,0,1,0,0,0,0,0,0,0,0,0,0,0,0
171183,2020-11-07 17:56:25,5266,58,0,1,0,1,0,0,0,0,0,0,0,0,0,0,0
171228,2020-11-07 18:13:29,5307,57,0,0,0,0,1,0,0,0,0,0,0,0,0,0,0
171234,2020-11-07 18:14:55,5321,59,0,0,1,0,0,0,0,0,0,0,0,0,0,0,0
171236,2020-11-07 18:16:04,5328,58,0,1,0,0,0,0,0,0,0,0,0,1,0,0,0
171314,2020-11-07 18:53:17,5372,55,0,1,0,1,0,0,0,0,0,0,0,0,0,0,0
171317,2020-11-07 18:56:14,5388,55,0,1,0,1,0,0,0,0,0,0,0,0,0,0,0
171350,2020-11-07 19:11:04,5415,56,0,1,0,1,0,0,0,0,0,0,0,0,0,0,0
171370,2020-11-07 19:20:54,5432,56,0,0,0,0,1,0,0,0,0,0,0,0,0,0,0
171492,2020-11-07 20:58:37,5478,53,0,1,0,0,0,0,0,0,0,0,0,1,0,0,0
171516,2020-11-07 21:29:46,5494,51,0,1,0,0,0,0,0,0,0,0,0,1,0,0,0
171528,2020-11-07 21:40:12,5504,51,0,0,1,0,0,0,0,0,0,0,0,0,0,0,0
171550,2020-11-07 22:00:07,5530,50,0,0,1,0,0,0,0,0,0,0,0,0,0,0,0
171556,2020-11-07 22:10:07,5560,60,1,0,1,0,0,0,0,0,0,0,0,0,0,0,0
171607,2020-11-07 23:10:07,5637,80,0,0,1,0,0,0,0,0,0,0,0,0,0,0,0
171620,2020-11-07 23:30:06,5646,79,0,0,1,0,0,0,0,0,0,0,0,0,0,0,0
171653,2020-11-08 01:30:07,65,73,0,0,1,0,0,0,0,0,0,0,0,0,0,0,0
171669,2020-11-08 02:30:06,72,71,0,0,1,0,0,0,0,0,0,0,0,0,0,0,0
171674,2020-11-08 02:50:04,102,70,0,0,1,0,0,0,0,0,0,0,0,0,0,0,0
171688,2020-11-08 03:50:05,110,69,0,0,1,0,0,0,0,0,0,0,0,0,0,0,0
171719,2020-11-08 05:50:08,118,65,0,0,1,0,0,0,0,0,0,0,0,0,0,0,0
171748,2020-11-08 06:30:07,127,63,0,0,1,0,0,0,0,0,0,0,0,0,0,0,0
171759,2020-11-08 06:50:09,148,63,0,0,1,0,0,0,0,0,0,0,0,0,0,0,0
171778,2020-11-08 07:20:06,214,62,0,0,1,0,0,0,0,0,0,0,0,0,0,0,0
171801,2020-11-08 07:41:45,224,61,0,1,0,1,0,0,0,0,0,0,0,0,0,0,0
171803,2020-11-08 07:45:47,239,61,0,1,0,1,0,0,0,0,0,0,0,0,0,0,0
171830,2020-11-08 08:00:08,259,62,0,0,1,0,0,0,0,0,0,0,0,0,0,0,0
171845,2020-11-08 08:10:07,280,60,0,0,1,0,0,0,0,0,0,0,0,0,0,0,0
171857,2020-11-08 08:26:05,342,60,0,1,0,0,0,0,0,0,0,0,0,1,0,0,0
171884,2020-11-08 08:40:13,447,60,0,0,1,0,0,0,0,0,0,0,0,0,0,0,0
171893,2020-11-08 08:44:38,454,59,0,1,0,1,0,0,0,0,0,0,0,0,0,0,0
171910,2020-11-08 08:53:17,561,60,0,0,1,0,0,0,0,0,0,0,0,0,0,0,0
171912,2020-11-08 08:55:12,568,60,0,0,0,0,1,0,0,0,0,0,0,0,0,0,0
171927,2020-11-08 09:02:03,1221,59,0,0,1,0,0,0,0,0,0,0,0,0,0,0,0
171930,2020-11-08 09:03:45,1417,60,0,0,0,0,0,0,0,0,0,0,0,0,1,0,0
171931,2020-11-08 09:03:54,1434,59,0,0,0,0,0,0,0,0,0,0,0,0,1,0,0
171933,2020-11-08 09:05:03,1553,61,0,0,0,0,0,0,0,0,0,0,0,0,1,0,0
171934,2020-11-08 09:05:13,1570,60,0,0,0,0,0,0,0,0,0,0,0,0,1,0,0
171936,2020-11-08 09:05:23,1587,61,0,0,0,0,0,0,0,0,0,0,0,0,1,0,0
171945,2020-11-08 09:08:30,1737,59,0,0,0,0,0,0,0,0,0,0,0,0,1,0,0
171946,2020-11-08 09:08:40,1745,60,0,0,0,0,0,0,0,0,0,0,0,0,1,0,0
171947,2020-11-08 09:08:49,1765,59,0,0,0,0,0,0,0,0,0,0,0,0,1,0,0
171960,2020-11-08 09:16:24,1971,60,0,0,0,0,0,0,0,0,0,0,0,0,1,0,0
172061,2020-11-08 09:50:06,2080,57,0,0,1,0,0,0,0,0,0,0,0,0,0,0,0
172185,2020-11-08 10:43:46,2161,55,0,0,0,0,0,0,0,0,0,0,0,0,1,0,0
172186,2020-11-08 10:43:56,2170,54,0,0,0,0,0,0,0,0,0,0,0,0,1,0,0
172190,2020-11-08 10:46:45,2432,56,0,0,0,0,0,0,0,0,0,0,0,0,1,0,0
172191,2020-11-08 10:46:55,2455,55,0,0,0,0,0,0,0,0,0,0,0,0,1,0,0
172193,2020-11-08 10:47:05,2477,55,0,0,0,0,0,0,0,0,0,0,0,0,1,0,0
172194,2020-11-08 10:47:15,2498,55,0,0,0,0,0,0,0,0,0,0,0,0,1,0,0
172209,2020-11-08 10:51:29,2976,56,0,0,1,0,0,0,0,0,0,0,0,0,0,0,0
172210,2020-11-08 10:51:50,3000,55,0,0,0,0,0,0,0,0,0,0,0,0,1,0,0
172211,2020-11-08 10:51:59,3020,55,0,0,0,0,0,0,0,0,0,0,0,0,1,0,0
172212,2020-11-08 10:52:09,3040,55,0,0,0,0,0,0,0,0,0,0,0,0,1,0,0
172214,2020-11-08 10:52:39,3091,56,0,0,0,0,0,0,0,0,0,0,0,0,1,0,0
172215,2020-11-08 10:52:49,3110,57,0,0,0,0,0,0,0,0,0,0,0,0,1,0,0
172217,2020-11-08 10:52:59,3130,56,0,0,0,0,0,0,0,0,0,0,0,0,1,0,0
172218,2020-11-08 10:53:09,3150,55,0,0,0,0,0,0,0,0,0,0,0,0,1,0,0
172219,2020-11-08 10:53:19,3170,56,0,0,0,0,0,0,0,0,0,0,0,0,1,0,0
172240,2020-11-08 11:03:14,3418,55,0,0,1,0,0,0,0,0,0,0,0,0,0,0,0
172253,2020-11-08 11:14:43,4477,55,0,0,1,0,0,0,0,0,0,0,0,0,0,0,0
172263,2020-11-08 11:20:43,4902,55,0,0,1,0,0,0,0,0,0,0,0,0,0,0,0
176670,2020-11-10 14:17:26,7523,65,0,0,0,0,0,0,0,0,0,0,0,0,1,0,0
176742,2020-11-10 14:53:19,7802,64,0,1,0,0,0,0,0,0,0,0,0,1,0,0,0
176745,2020-11-10 14:55:00,7818,64,0,1,0,0,0,0,0,0,0,0,0,1,0,0,0
176746,2020-11-10 14:56:20,7836,64,0,0,0,0,0,0,0,0,0,0,0,1,0,0,0
176797,2020-11-10 15:17:35,7844,63,0,1,0,1,0,0,0,0,0,0,0,0,0,0,0
176799,2020-11-10 15:18:41,7853,63,0,1,0,1,0,0,0,0,0,0,0,0,0,0,0
176829,2020-11-10 15:30:07,7867,63,0,0,1,0,0,0,0,0,0,0,0,0,0,0,0
177020,2020-11-10 16:40:08,7875,60,0,0,1,0,0,0,0,0,0,0,0,0,0,0,0
177079,2020-11-10 17:00:07,7882,60,0,0,1,0,0,0,0,0,0,0,0,0,0,0,0
177169,2020-11-10 17:30:57,7900,58,0,0,0,0,1,0,0,0,0,0,0,0,0,0,0
177188,2020-11-10 17:38:10,7932,58,0,1,0,0,0,0,0,0,0,0,0,1,0,0,0
177200,2020-11-10 17:40:06,7968,58,0,0,1,0,0,0,0,0,0,0,0,0,0,0,0
177248,2020-11-10 17:55:24,7984,58,0,1,0,0,0,0,0,0,0,0,0,1,0,0,0
177260,2020-11-10 18:00:06,7991,57,0,0,1,0,0,0,0,0,0,0,0,0,0,0,0
177308,2020-11-10 18:20:04,8005,57,0,0,1,0,0,0,0,0,0,0,0,0,0,0,0
177340,2020-11-10 18:40:05,8039,57,0,0,1,0,0,0,0,0,0,0,0,0,0,0,0
177421,2020-11-10 19:25:59,8046,54,0,1,0,0,0,0,0,0,0,0,0,1,0,0,0
177446,2020-11-10 19:50:05,8053,54,0,0,1,0,0,0,0,0,0,0,0,0,0,0,0
177455,2020-11-10 20:00:05,8175,53,0,0,1,0,0,0,0,0,0,0,0,0,0,0,0
177470,2020-11-10 20:20:04,8237,52,0,0,1,0,0,0,0,0,0,0,0,0,0,0,0
177510,2020-11-10 21:10:05,8297,51,0,0,1,0,0,0,0,0,0,0,0,0,0,0,0
177517,2020-11-10 21:16:19,8355,50,0,0,0,0,1,0,0,0,0,0,0,0,0,0,0
177520,2020-11-10 21:20:05,8369,51,0,0,1,0,0,0,0,0,0,0,0,0,0,0,0
177521,2020-11-10 21:20:31,8378,51,0,1,0,1,0,0,0,0,0,0,0,0,0,0,0
177543,2020-11-10 21:50:05,8387,86,0,0,1,0,0,0,0,0,0,0,0,0,0,0,0
177552,2020-11-10 22:00:04,8418,84,0,0,1,0,0,0,0,0,0,0,0,0,0,0,0
177564,2020-11-10 22:20:05,8447,83,0,0,1,0,0,0,0,0,0,0,0,0,0,0,0
177570,2020-11-10 22:30:05,8475,83,0,0,1,0,0,0,0,0,0,0,0,0,0,0,0
177572,2020-11-10 22:40:04,8482,81,0,0,1,0,0,0,0,0,0,0,0,0,0,0,0
177577,2020-11-10 23:00:05,8492,82,0,0,1,0,0,0,0,0,0,0,0,0,0,0,0
177582,2020-11-10 23:10:04,8500,82,0,0,1,0,0,0,0,0,0,0,0,0,0,0,0
177598,2020-11-10 23:50:05,8557,79,0,0,1,0,0,0,0,0,0,0,0,0,0,0,0
177600,2020-11-11 00:10:06,7,79,0,0,1,0,0,0,0,0,0,0,0,0,0,0,0
177609,2020-11-11 00:50:06,30,77,0,0,1,0,0,0,0,0,0,0,0,0,0,0,0
177613,2020-11-11 01:10:05,39,75,0,0,1,0,0,0,0,0,0,0,0,0,0,0,0
177632,2020-11-11 03:00:05,48,71,0,0,1,0,0,0,0,0,0,0,0,0,0,0,0
177635,2020-11-11 03:10:04,73,72,0,0,1,0,0,0,0,0,0,0,0,0,0,0,0
177638,2020-11-11 03:50:04,86,69,0,0,1,0,0,0,0,0,0,0,0,0,0,0,0
177652,2020-11-11 04:53:50,130,68,0,0,0,0,1,0,0,0,0,0,0,0,0,0,0
177656,2020-11-11 05:00:07,285,68,0,0,1,0,0,0,0,0,0,0,0,0,0,0,0
177659,2020-11-11 05:05:57,386,67,0,1,0,1,0,0,0,0,0,0,0,0,0,0,0
177662,2020-11-11 05:10:06,482,67,0,0,1,0,0,0,0,0,0,0,0,0,0,0,0
177664,2020-11-11 05:17:16,725,68,0,0,0,0,0,0,0,0,0,0,0,0,1,0,0
177665,2020-11-11 05:18:05,741,68,0,0,0,0,0,0,0,0,0,0,0,0,1,0,0
177666,2020-11-11 05:19:04,786,67,0,0,0,0,0,0,0,0,0,0,0,0,1,0,0
177667,2020-11-11 05:19:14,792,67,0,0,0,0,0,0,0,0,0,0,0,0,1,0,0
177668,2020-11-11 05:19:24,809,67,0,0,0,0,0,0,0,0,0,0,0,0,1,0,0
177669,2020-11-11 05:20:03,812,67,0,0,1,0,0,0,0,0,0,0,0,0,0,0,0
177689,2020-11-11 06:50:05,886,64,0,0,1,0,0,0,0,0,0,0,0,0,0,0,0
177690,2020-11-11 06:50:31,913,65,0,0,0,0,0,0,0,0,0,0,0,0,1,0,0
177691,2020-11-11 06:50:50,938,64,0,0,0,0,0,0,0,0,0,0,0,0,1,0,0
177694,2020-11-11 06:52:30,1144,64,0,0,0,0,0,0,0,0,0,0,0,0,1,0,0
177695,2020-11-11 06:52:39,1164,64,0,0,0,0,0,0,0,0,0,0,0,0,1,0,0
177697,2020-11-11 06:53:58,1328,65,0,0,0,0,0,0,0,0,0,0,0,0,1,0,0
177701,2020-11-11 07:00:05,1921,64,0,0,1,0,0,0,0,0,0,0,0,0,0,0,0
177713,2020-11-11 07:10:04,2085,64,0,0,1,0,0,0,0,0,0,0,0,0,0,0,0
177761,2020-11-11 07:43:47,2106,62,0,1,0,1,0,0,0,0,0,0,0,0,0,0,0
177773,2020-11-11 07:54:41,2113,62,0,1,0,1,0,0,0,0,0,0,0,0,0,0,0
177777,2020-11-11 07:59:02,2230,61,0,1,0,0,0,0,0,0,0,0,0,1,0,0,0
177858,2020-11-11 08:49:53,2267,60,0,1,0,0,0,0,0,0,0,0,0,1,0,0,0
177896,2020-11-11 09:02:39,2275,59,0,1,0,0,0,0,0,0,0,0,0,1,0,0,0
177965,2020-11-11 09:50:04,2284,59,0,0,1,0,0,0,0,0,0,0,0,0,0,0,0
177983,2020-11-11 10:00:01,2321,58,0,1,0,0,0,0,0,0,0,0,0,1,0,0,0
178136,2020-11-11 10:56:14,2328,55,0,1,0,0,0,0,0,0,0,0,0,1,0,0,0
178171,2020-11-11 11:10:05,2335,55,0,0,1,0,0,0,0,0,0,0,0,0,0,0,0
178177,2020-11-11 11:11:18,2342,54,0,1,0,0,0,0,0,0,0,0,0,1,0,0,0
178209,2020-11-11 11:20:05,2397,55,0,0,1,0,0,0,0,0,0,0,0,0,0,0,0
178263,2020-11-11 11:42:27,2513,56,0,0,1,0,0,0,0,0,0,0,0,0,0,0,0
178308,2020-11-11 11:54:05,2572,54,0,0,1,0,0,0,0,0,0,0,0,0,0,0,0
178309,2020-11-11 11:54:33,2587,53,0,1,0,0,0,0,0,0,0,0,0,1,0,0,0
178335,2020-11-11 12:00:05,2604,53,0,0,1,0,0,0,0,0,0,0,0,0,0,0,0
178354,2020-11-11 12:10:04,2634,53,0,0,1,0,0,0,0,0,0,0,0,0,0,0,0
178371,2020-11-11 12:25:27,2641,53,0,1,0,1,0,0,0,0,0,0,0,0,0,0,0
178383,2020-11-11 12:30:04,2659,53,0,0,1,0,0,0,0,0,0,0,0,0,0,0,0
178459,2020-11-11 13:09:00,2686,51,0,1,0,1,0,0,0,0,0,0,0,0,0,0,0
178461,2020-11-11 13:09:28,2695,51,0,1,0,1,0,0,0,0,0,0,0,0,0,0,0
178485,2020-11-11 13:20:05,2704,52,0,0,1,0,0,0,0,0,0,0,0,0,0,0,0
178508,2020-11-11 13:30:05,2720,51,0,0,1,0,0,0,0,0,0,0,0,0,0,0,0
178585,2020-11-11 14:01:48,2811,49,0,0,1,0,0,0,0,0,0,0,0,0,0,0,0
178591,2020-11-11 14:06:57,2842,50,0,1,0,0,0,0,0,0,0,0,0,1,0,0,0
178689,2020-11-11 14:50:05,2861,49,0,0,0,0,1,0,0,0,0,0,0,0,0,0,0
178693,2020-11-11 14:50:33,2883,49,0,1,0,0,0,0,0,0,0,0,0,1,0,0,0
178696,2020-11-11 14:53:34,2963,49,0,0,0,0,0,0,0,0,0,0,0,0,1,0,0
178697,2020-11-11 14:53:43,2976,48,0,0,0,0,0,0,0,0,0,0,0,0,1,0,0
178698,2020-11-11 14:53:53,2987,49,0,0,0,0,0,0,0,0,0,0,0,0,1,0,0
178700,2020-11-11 14:54:03,2992,50,0,0,0,0,0,0,0,0,0,0,0,0,1,0,0
178701,2020-11-11 14:54:12,3004,49,0,0,0,0,0,0,0,0,0,0,0,0,1,0,0
178703,2020-11-11 14:54:33,3022,49,0,0,0,0,0,0,0,0,0,0,0,0,1,0,0
178704,2020-11-11 14:54:52,3038,49,0,0,0,0,0,0,0,0,0,0,0,0,1,0,0
178712,2020-11-11 15:00:05,3077,49,0,0,1,0,0,0,0,0,0,0,0,0,0,0,0
178737,2020-11-11 15:10:05,3098,48,0,0,1,0,0,0,0,0,0,0,0,0,0,0,0
178748,2020-11-11 15:13:37,3203,49,0,0,0,0,0,0,0,0,0,0,0,0,1,0,0
178749,2020-11-11 15:13:46,3219,48,0,0,0,0,0,0,0,0,0,0,0,0,1,0,0
178750,2020-11-11 15:13:55,3232,49,0,0,0,0,0,0,0,0,0,0,0,0,1,0,0
178751,2020-11-11 15:14:05,3246,49,0,0,0,0,0,0,0,0,0,0,0,0,1,0,0
178754,2020-11-11 15:14:25,3249,49,0,0,0,0,0,0,0,0,0,0,0,0,1,0,0
178758,2020-11-11 15:16:06,3306,48,0,1,0,0,0,0,0,0,0,0,0,1,0,0,0
178819,2020-11-11 15:44:03,3313,47,0,0,1,0,0,0,0,0,0,0,0,0,0,0,0
178989,2020-11-11 16:59:27,3324,44,0,1,0,0,0,0,0,0,0,0,0,1,0,0,0
179026,2020-11-11 17:20:05,3332,43,0,0,1,0,0,0,0,0,0,0,0,0,0,0,0
179052,2020-11-11 17:32:36,3340,43,0,1,0,0,0,0,0,0,0,0,0,1,0,0,0
179057,2020-11-11 17:38:40,3352,43,0,1,0,0,0,0,0,0,0,0,0,1,0,0,0
179203,2020-11-11 18:54:10,3378,42,0,1,0,0,0,0,0,0,0,0,0,1,0,0,0
179223,2020-11-11 19:12:48,3385,41,0,0,0,0,1,0,0,0,0,0,0,0,0,0,0
179242,2020-11-11 19:30:16,3408,40,0,1,0,1,0,0,0,0,0,0,0,0,0,0,0
179247,2020-11-11 19:37:47,3457,40,0,1,0,0,0,0,0,0,0,0,0,1,0,0,0
179276,2020-11-11 19:53:18,3484,40,0,0,1,0,0,0,0,0,0,0,0,0,0,0,0
179284,2020-11-11 20:00:06,3499,41,0,0,1,0,0,0,0,0,0,0,0,0,0,0,0
179292,2020-11-11 20:10:03,3621,39,0,0,1,0,0,0,0,0,0,0,0,0,0,0,0
179304,2020-11-11 20:20:03,3667,38,0,0,1,0,0,0,0,0,0,0,0,0,0,0,0
179327,2020-11-11 20:40:04,3693,38,0,0,1,0,0,0,0,0,0,0,0,0,0,0,0
179343,2020-11-11 20:50:05,3706,38,0,0,1,0,0,0,0,0,0,0,0,0,0,0,0
179358,2020-11-11 21:15:13,3713,37,0,1,0,0,0,0,0,0,0,0,0,1,0,0,0
179381,2020-11-11 21:50:05,3771,55,1,0,1,0,0,0,0,0,0,0,0,0,0,0,0
179435,2020-11-11 23:50:04,3779,91,0,0,1,0,0,0,0,0,0,0,0,0,0,0,0
179439,2020-11-12 00:10:05,86,91,0,0,1,0,0,0,0,0,0,0,0,0,0,0,0
179441,2020-11-12 00:20:05,111,90,0,0,1,0,0,0,0,0,0,0,0,0,0,0,0
179454,2020-11-12 02:00:04,134,85,0,0,1,0,0,0,0,0,0,0,0,0,0,0,0
179461,2020-11-12 02:58:41,141,83,0,0,0,0,1,0,0,0,0,0,0,0,0,0,0
179463,2020-11-12 03:00:03,148,84,0,0,1,0,0,0,0,0,0,0,0,0,0,0,0
179478,2020-11-12 04:02:13,160,81,0,0,0,0,1,0,0,0,0,0,0,0,0,0,0
179481,2020-11-12 04:30:05,168,80,0,0,1,0,0,0,0,0,0,0,0,0,0,0,0
179485,2020-11-12 04:43:46,175,80,0,0,0,0,1,0,0,0,0,0,0,0,0,0,0
179486,2020-11-12 04:45:45,182,79,0,0,0,0,1,0,0,0,0,0,0,0,0,0,0
179489,2020-11-12 04:54:26,263,79,0,0,1,0,0,0,0,0,0,0,0,0,0,0,0
179490,2020-11-12 05:00:06,350,79,0,0,1,0,0,0,0,0,0,0,0,0,0,0,0
179493,2020-11-12 05:10:05,556,78,0,0,1,0,0,0,0,0,0,0,0,0,0,0,0
179497,2020-11-12 05:17:18,603,79,0,0,0,0,0,0,0,0,0,0,0,0,1,0,0
179498,2020-11-12 05:18:06,618,78,0,0,0,0,0,0,0,0,0,0,0,0,1,0,0
179499,2020-11-12 05:19:15,679,79,0,0,0,0,0,0,0,0,0,0,0,0,1,0,0
179500,2020-11-12 05:19:25,680,78,0,0,0,0,0,0,0,0,0,0,0,0,1,0,0
179501,2020-11-12 05:19:34,701,78,0,0,0,0,0,0,0,0,0,0,0,0,1,0,0
179503,2020-11-12 05:20:03,714,78,0,0,1,0,0,0,0,0,0,0,0,0,0,0,0
179522,2020-11-12 06:00:21,731,76,0,0,1,0,0,0,0,0,0,0,0,0,0,0,0
179547,2020-11-12 06:46:17,837,75,0,0,0,0,0,0,0,0,0,0,0,0,1,0,0
179548,2020-11-12 06:46:27,852,74,0,0,0,0,0,0,0,0,0,0,0,0,1,0,0
179551,2020-11-12 06:46:36,871,74,0,0,0,0,0,0,0,0,0,0,0,0,1,0,0
179554,2020-11-12 06:48:15,1072,73,0,0,0,0,0,0,0,0,0,0,0,0,1,0,0
179555,2020-11-12 06:48:25,1093,75,0,0,0,0,0,0,0,0,0,0,0,0,1,0,0
179556,2020-11-12 06:48:35,1112,74,0,0,0,0,0,0,0,0,0,0,0,0,1,0,0
179557,2020-11-12 06:49:33,1241,74,0,0,0,0,0,0,0,0,0,0,0,0,1,0,0
179558,2020-11-12 06:49:43,1264,73,0,0,0,0,0,0,0,0,0,0,0,0,1,0,0
179563,2020-11-12 06:54:52,1899,75,0,0,1,0,0,0,0,0,0,0,0,0,0,0,0
179569,2020-11-12 07:00:06,1960,74,0,0,1,0,0,0,0,0,0,0,0,0,0,0,0
179587,2020-11-12 07:15:13,1975,73,0,1,0,0,0,0,0,0,0,0,0,1,0,0,0
179588,2020-11-12 07:17:58,1990,74,0,0,0,0,1,0,0,0,0,0,0,0,0,0,0
179592,2020-11-12 07:20:04,1997,74,0,0,1,0,0,0,0,0,0,0,0,0,0,0,0
179656,2020-11-12 08:00:18,2004,73,0,0,1,0,0,0,0,0,0,0,0,0,0,0,0
179660,2020-11-12 08:07:49,2032,73,0,1,0,0,0,0,0,0,0,0,0,1,0,0,0
179710,2020-11-12 08:40:05,2067,71,0,0,1,0,0,0,0,0,0,0,0,0,0,0,0
179717,2020-11-12 08:49:12,2085,69,0,1,0,0,0,0,0,0,0,0,0,1,0,0,0
179740,2020-11-12 09:00:10,2112,70,0,0,1,0,0,0,0,0,0,0,0,0,0,0,0
179766,2020-11-12 09:10:06,2140,69,0,0,1,0,0,0,0,0,0,0,0,0,0,0,0
179773,2020-11-12 09:13:42,2182,69,0,1,0,0,0,0,0,0,0,0,0,1,0,0,0
179798,2020-11-12 09:27:15,2238,68,0,0,0,0,1,0,0,0,0,0,0,0,0,0,0
179800,2020-11-12 09:28:17,2255,68,0,1,0,0,0,0,0,0,0,0,0,1,0,0,0
179858,2020-11-12 09:51:02,2262,66,0,1,0,0,0,0,0,0,0,0,0,1,0,0,0
179901,2020-11-12 10:10:17,3949,67,0,0,1,0,0,0,0,0,0,0,0,0,0,0,0
179905,2020-11-12 10:15:17,4444,66,0,0,0,0,0,0,0,0,0,0,0,0,1,0,0
179906,2020-11-12 10:15:28,4458,67,0,0,0,0,0,0,0,0,0,0,0,0,1,0,0
179907,2020-11-12 10:15:37,4474,67,0,0,0,0,0,0,0,0,0,0,0,0,1,0,0
179908,2020-11-12 10:15:47,4490,66,0,0,0,0,0,0,0,0,0,0,0,0,1,0,0
179909,2020-11-12 10:17:53,4634,67,0,0,0,0,0,0,0,0,0,0,0,0,1,0,0
179910,2020-11-12 10:18:03,4649,67,0,0,0,0,0,0,0,0,0,0,0,0,1,0,0
179911,2020-11-12 10:18:13,4663,66,0,0,0,0,0,0,0,0,0,0,0,0,1,0,0
179912,2020-11-12 10:18:23,4678,67,0,0,0,0,0,0,0,0,0,0,0,0,1,0,0
179913,2020-11-12 10:18:33,4692,67,0,0,0,0,0,0,0,0,0,0,0,0,1,0,0
179915,2020-11-12 10:18:52,4720,67,0,0,0,0,0,0,0,0,0,0,0,0,1,0,0
179916,2020-11-12 10:19:02,4733,67,0,0,0,0,0,0,0,0,0,0,0,0,1,0,0
179918,2020-11-12 10:19:32,4771,67,0,0,0,0,0,0,0,0,0,0,0,0,1,0,0
179919,2020-11-12 10:19:42,4785,66,0,0,0,0,0,0,0,0,0,0,0,0,1,0,0
179920,2020-11-12 10:19:52,4794,66,0,0,0,0,0,0,0,0,0,0,0,0,1,0,0
179973,2020-11-12 10:33:18,4801,66,0,0,1,0,0,0,0,0,0,0,0,0,0,0,0
180024,2020-11-12 10:43:23,5168,66,0,0,1,0,0,0,0,0,0,0,0,0,0,0,0
180079,2020-11-12 11:00:03,5317,66,0,0,1,0,0,0,0,0,0,0,0,0,0,0,0
180110,2020-11-12 11:10:05,5346,66,0,0,1,0,0,0,0,0,0,0,0,0,0,0,0
180154,2020-11-12 11:30:09,5450,66,0,0,1,0,0,0,0,0,0,0,0,0,0,0,0
180272,2020-11-12 12:10:05,5493,65,0,0,1,0,0,0,0,0,0,0,0,0,0,0,0
180386,2020-11-12 13:00:05,5551,62,0,0,1,0,0,0,0,0,0,0,0,0,0,0,0
180411,2020-11-12 13:10:05,5669,63,0,0,1,0,0,0,0,0,0,0,0,0,0,0,0
180520,2020-11-12 13:50:03,5767,60,0,0,1,0,0,0,0,0,0,0,0,0,0,0,0
180545,2020-11-12 13:57:46,6381,61,0,0,0,0,0,0,0,0,0,0,0,0,1,0,0
180546,2020-11-12 13:58:07,6425,60,0,0,0,0,0,0,0,0,0,0,0,0,1,0,0
180547,2020-11-12 13:58:18,6448,59,0,0,0,0,0,0,0,0,0,0,0,0,1,0,0
180550,2020-11-12 13:58:40,6490,59,0,0,0,0,0,0,0,0,0,0,0,0,1,0,0
180551,2020-11-12 13:59:01,6533,61,0,0,0,0,0,0,0,0,0,0,0,0,1,0,0
180552,2020-11-12 13:59:14,6555,61,0,0,0,0,0,0,0,0,0,0,0,0,1,0,0
180558,2020-11-12 14:00:05,6649,60,0,0,1,0,0,0,0,0,0,0,0,0,0,0,0
180562,2020-11-12 14:00:57,6737,60,0,0,0,0,0,0,0,0,0,0,0,0,1,0,0
180563,2020-11-12 14:01:07,6756,60,0,0,0,0,0,0,0,0,0,0,0,0,1,0,0
180565,2020-11-12 14:01:28,6793,60,0,0,0,0,0,0,0,0,0,0,0,0,1,0,0
180590,2020-11-12 14:12:12,7888,59,0,0,1,0,0,0,0,0,0,0,0,0,0,0,0
180600,2020-11-12 14:18:26,8537,59,0,1,0,1,0,0,0,0,0,0,0,0,0,0,0
180618,2020-11-12 14:21:07,8609,60,0,1,0,1,0,0,0,0,0,0,0,0,0,0,0
180624,2020-11-12 14:23:13,8687,59,0,0,1,0,0,0,0,0,0,0,0,0,0,0,0
180631,2020-11-12 14:24:59,8742,59,0,1,0,1,0,0,0,0,0,0,0,0,0,0,0
180649,2020-11-12 14:30:54,8756,60,0,1,0,0,0,0,0,0,0,0,0,1,0,0,0
180670,2020-11-12 14:41:10,9203,58,0,0,1,0,0,0,0,0,0,0,0,0,0,0,0
180672,2020-11-12 14:42:18,9215,59,0,0,0,0,0,0,0,0,0,0,0,0,1,0,0
180695,2020-11-12 14:51:15,9241,58,0,0,1,0,0,0,0,0,0,0,0,0,0,0,0
180909,2020-11-12 16:20:02,9383,55,0,0,1,0,0,0,0,0,0,0,0,0,0,0,0
180917,2020-11-12 16:21:13,9400,55,0,0,0,0,0,0,0,0,0,0,0,0,1,0,0
180918,2020-11-12 16:21:23,9415,54,0,0,0,0,0,0,0,0,0,0,0,0,1,0,0
180920,2020-11-12 16:21:34,9429,55,0,0,0,0,0,0,0,0,0,0,0,0,1,0,0
180921,2020-11-12 16:21:43,9439,55,0,0,0,0,0,0,0,0,0,0,0,0,1,0,0
180922,2020-11-12 16:21:52,9451,54,0,0,0,0,0,0,0,0,0,0,0,0,1,0,0
180923,2020-11-12 16:22:02,9469,54,0,0,0,0,0,0,0,0,0,0,0,0,1,0,0
180925,2020-11-12 16:22:52,9480,54,0,0,0,0,0,0,0,0,0,0,0,0,1,0,0
180927,2020-11-12 16:25:38,9487,54,0,0,0,0,0,0,0,0,0,0,0,0,1,0,0
180947,2020-11-12 16:36:19,9558,54,0,0,0,0,0,0,0,0,0,0,0,0,1,0,0
180965,2020-11-12 16:41:52,9568,55,0,0,0,0,0,0,0,0,0,0,0,0,1,0,0
180966,2020-11-12 16:42:02,9570,54,0,0,0,0,0,0,0,0,0,0,0,0,1,0,0
180978,2020-11-12 16:49:20,9843,54,0,0,0,0,1,0,0,0,0,0,0,0,0,0,0
181052,2020-11-12 17:20:04,9960,53,0,0,1,0,0,0,0,0,0,0,0,0,0,0,0
181082,2020-11-12 17:30:04,10008,53,0,0,1,0,0,0,0,0,0,0,0,0,0,0,0
181095,2020-11-12 17:40:05,10047,52,0,0,1,0,0,0,0,0,0,0,0,0,0,0,0
181149,2020-11-12 18:17:38,10082,51,0,1,0,1,0,0,0,0,0,0,0,0,0,0,0
181159,2020-11-12 18:28:12,10110,51,0,0,0,0,1,0,0,0,0,0,0,0,0,0,0
181160,2020-11-12 18:29:02,10125,50,0,1,0,1,0,0,0,0,0,0,0,0,0,0,0
181268,2020-11-12 19:38:19,10134,49,0,1,0,0,0,0,0,0,0,0,0,1,0,0,0
181341,2020-11-12 20:40:06,10142,47,0,0,1,0,0,0,0,0,0,0,0,0,0,0,0
181404,2020-11-12 22:30:05,10149,99,0,0,1,0,0,0,0,0,0,0,0,0,0,0,0
181407,2020-11-12 22:32:05,10173,99,0,0,0,0,0,1,0,0,0,0,0,0,0,0,0
181412,2020-11-12 22:40:04,10197,99,0,0,1,0,0,0,0,0,0,0,0,0,0,0,0
181418,2020-11-12 22:50:04,10204,99,0,0,1,0,0,0,0,0,0,0,0,0,0,0,0
181435,2020-11-12 23:37:06,10218,95,0,0,0,0,1,0,0,0,0,0,0,0,0,0,0
181436,2020-11-12 23:40:04,10226,96,0,0,1,0,0,0,0,0,0,0,0,0,0,0,0
181444,2020-11-13 00:20:02,11,94,0,0,1,0,0,0,0,0,0,0,0,0,0,0,0
181449,2020-11-13 00:30:03,18,94,0,0,1,0,0,0,0,0,0,0,0,0,0,0,0
181458,2020-11-13 01:05:55,32,92,0,0,0,0,1,0,0,0,0,0,0,0,0,0,0
181459,2020-11-13 01:10:03,40,92,0,0,1,0,0,0,0,0,0,0,0,0,0,0,0
181461,2020-11-13 02:00:03,47,90,0,0,1,0,0,0,0,0,0,0,0,0,0,0,0
181464,2020-11-13 02:10:04,56,90,0,0,1,0,0,0,0,0,0,0,0,0,0,0,0
181473,2020-11-13 03:26:06,63,86,0,0,0,0,1,0,0,0,0,0,0,0,0,0,0
181475,2020-11-13 03:30:03,103,86,0,0,1,0,0,0,0,0,0,0,0,0,0,0,0
181481,2020-11-13 05:09:55,370,83,0,1,0,1,0,0,0,0,0,0,0,0,0,0,0
181482,2020-11-13 05:14:29,584,83,0,0,0,0,0,0,0,0,0,0,0,0,1,0,0
181483,2020-11-13 05:16:45,636,83,0,0,0,0,0,0,0,0,0,0,0,0,1,0,0
181484,2020-11-13 05:17:05,654,82,0,0,0,0,0,0,0,0,0,0,0,0,1,0,0
181488,2020-11-13 05:20:06,671,83,0,0,1,0,0,0,0,0,0,0,0,0,0,0,0
181500,2020-11-13 05:54:21,678,81,0,0,1,0,0,0,0,0,0,0,0,0,0,0,0
181527,2020-11-13 07:00:10,686,78,0,0,1,0,0,0,0,0,0,0,0,0,0,0,0
181529,2020-11-13 07:05:13,784,79,0,0,0,0,0,0,0,0,0,0,0,0,1,0,0
181530,2020-11-13 07:05:32,791,78,0,0,0,0,0,0,0,0,0,0,0,0,1,0,0
181531,2020-11-13 07:05:42,809,78,0,0,0,0,0,0,0,0,0,0,0,0,1,0,0
181533,2020-11-13 07:07:21,1008,79,0,0,0,0,0,0,0,0,0,0,0,0,1,0,0
181534,2020-11-13 07:07:30,1028,79,0,0,0,0,0,0,0,0,0,0,0,0,1,0,0
181535,2020-11-13 07:07:40,1047,79,0,0,0,0,0,0,0,0,0,0,0,0,1,0,0
181538,2020-11-13 07:08:49,1189,79,0,0,0,0,0,0,0,0,0,0,0,0,1,0,0
181540,2020-11-13 07:08:58,1209,78,0,0,0,0,0,0,0,0,0,0,0,0,1,0,0
181541,2020-11-13 07:09:08,1228,79,0,0,0,0,0,0,0,0,0,0,0,0,1,0,0
181542,2020-11-13 07:10:02,1289,79,0,0,1,0,0,0,0,0,0,0,0,0,0,0,0
181547,2020-11-13 07:17:40,1968,78,0,0,0,0,1,0,0,0,0,0,0,0,0,0,0
181549,2020-11-13 07:20:06,2009,78,0,0,1,0,0,0,0,0,0,0,0,0,0,0,0
181553,2020-11-13 07:30:09,2122,78,0,0,1,0,0,0,0,0,0,0,0,0,0,0,0
181562,2020-11-13 07:43:40,2388,77,0,0,1,0,0,0,0,0,0,0,0,0,0,0,0
181580,2020-11-13 08:01:09,2406,76,0,1,0,0,0,0,0,0,0,0,0,1,0,0,0
181604,2020-11-13 08:23:04,2440,75,0,1,0,0,0,0,0,0,0,0,0,1,0,0,0
181621,2020-11-13 08:44:20,2454,75,0,0,1,0,0,0,0,0,0,0,0,0,0,0,0
181649,2020-11-13 09:10:07,2479,73,0,0,1,0,0,0,0,0,0,0,0,0,0,0,0
181658,2020-11-13 09:20:06,2489,73,0,0,1,0,0,0,0,0,0,0,0,0,0,0,0
181672,2020-11-13 09:30:06,2496,73,0,0,1,0,0,0,0,0,0,0,0,0,0,0,0
181685,2020-11-13 09:41:17,2525,72,0,1,0,1,0,0,0,0,0,0,0,0,0,0,0
181690,2020-11-13 09:45:04,2549,73,0,1,0,1,0,0,0,0,0,0,0,0,0,0,0
181724,2020-11-13 10:10:04,2632,71,0,0,1,0,0,0,0,0,0,0,0,0,0,0,0
181798,2020-11-13 10:50:11,2657,69,0,0,1,0,0,0,0,0,0,0,0,0,0,0,0
181818,2020-11-13 11:00:03,2683,70,0,0,1,0,0,0,0,0,0,0,0,0,0,0,0
181839,2020-11-13 11:06:32,2693,69,0,1,0,0,0,0,0,0,0,0,0,1,0,0,0
181881,2020-11-13 11:27:57,2701,68,0,1,0,0,0,0,0,0,0,0,0,1,0,0,0
181909,2020-11-13 11:38:58,2708,68,0,1,0,0,0,0,0,0,0,0,0,1,0,0,0
181939,2020-11-13 11:50:03,2723,67,0,0,1,0,0,0,0,0,0,0,0,0,0,0,0
181997,2020-11-13 12:10:27,2753,66,0,0,0,0,1,0,0,0,0,0,0,0,0,0,0
181999,2020-11-13 12:13:04,2770,67,0,0,1,0,0,0,0,0,0,0,0,0,0,0,0
182028,2020-11-13 12:24:19,2777,66,0,0,1,0,0,0,0,0,0,0,0,0,0,0,0
182078,2020-11-13 12:40:04,2823,66,0,0,1,0,0,0,0,0,0,0,0,0,0,0,0
182127,2020-11-13 13:00:03,2839,66,0,0,1,0,0,0,0,0,0,0,0,0,0,0,0
182203,2020-11-13 13:31:53,2846,64,0,0,0,0,1,0,0,0,0,0,0,0,0,0,0
182303,2020-11-13 14:10:34,2927,63,0,0,0,0,1,0,0,0,0,0,0,0,0,0,0
182305,2020-11-13 14:13:08,2952,64,0,0,0,0,1,0,0,0,0,0,0,0,0,0,0
182332,2020-11-13 14:23:19,3054,62,0,0,1,0,0,0,0,0,0,0,0,0,0,0,0
182730,2020-11-13 17:57:31,3308,55,0,1,0,1,0,0,0,0,0,0,0,0,0,0,0
182745,2020-11-13 18:07:55,3317,56,0,1,0,1,0,0,0,0,0,0,0,0,0,0,0
182776,2020-11-13 18:30:08,3324,56,0,0,1,0,0,0,0,0,0,0,0,0,0,0,0
182824,2020-11-13 19:01:58,3433,54,0,0,1,0,0,0,0,0,0,0,0,0,0,0,0
182831,2020-11-13 19:10:07,3458,53,0,0,1,0,0,0,0,0,0,0,0,0,0,0,0
182847,2020-11-13 19:20:08,3657,53,0,0,1,0,0,0,0,0,0,0,0,0,0,0,0
182855,2020-11-13 19:30:07,4020,52,0,0,1,0,0,0,0,0,0,0,0,0,0,0,0
182859,2020-11-13 19:31:09,4039,52,0,1,0,0,0,0,0,0,0,0,0,1,0,0,0
182956,2020-11-13 21:10:09,4046,50,0,0,1,0,0,0,0,0,0,0,0,0,0,0,0
182965,2020-11-13 21:30:07,4101,70,1,0,1,0,0,0,0,0,0,0,0,0,0,0,0
182982,2020-11-13 22:00:07,4108,96,0,0,1,0,0,0,0,0,0,0,0,0,0,0,0
182986,2020-11-13 22:10:08,4124,94,0,0,0,0,1,0,0,0,0,0,0,0,0,0,0
182990,2020-11-13 22:20:06,4148,94,0,0,1,0,0,0,0,0,0,0,0,0,0,0,0
182994,2020-11-13 22:30:06,4172,94,0,0,1,0,0,0,0,0,0,0,0,0,0,0,0
183004,2020-11-13 23:00:07,4179,92,0,0,1,0,0,0,0,0,0,0,0,0,0,0,0
183016,2020-11-14 00:10:06,9,88,0,0,1,0,0,0,0,0,0,0,0,0,0,0,0
183025,2020-11-14 01:30:06,19,84,0,0,1,0,0,0,0,0,0,0,0,0,0,0,0
183031,2020-11-14 02:20:05,51,83,0,0,1,0,0,0,0,0,0,0,0,0,0,0,0
183074,2020-11-14 05:00:08,212,78,0,0,1,0,0,0,0,0,0,0,0,0,0,0,0
183085,2020-11-14 05:50:06,219,75,0,0,1,0,0,0,0,0,0,0,0,0,0,0,0
183102,2020-11-14 06:30:05,226,75,0,0,1,0,0,0,0,0,0,0,0,0,0,0,0
183110,2020-11-14 06:41:56,235,74,0,0,1,0,0,0,0,0,0,0,0,0,0,0,0
183123,2020-11-14 07:10:06,273,72,0,0,1,0,0,0,0,0,0,0,0,0,0,0,0
183132,2020-11-14 07:20:06,348,72,0,0,1,0,0,0,0,0,0,0,0,0,0,0,0
183146,2020-11-14 07:30:06,655,71,0,0,1,0,0,0,0,0,0,0,0,0,0,0,0
183190,2020-11-14 08:00:06,662,70,0,0,1,0,0,0,0,0,0,0,0,0,0,0,0
183208,2020-11-14 08:30:07,750,70,0,0,1,0,0,0,0,0,0,0,0,0,0,0,0
183216,2020-11-14 08:34:52,758,69,0,1,0,0,0,0,0,0,0,0,0,1,0,0,0
183247,2020-11-14 09:10:08,810,67,0,0,1,0,0,0,0,0,0,0,0,0,0,0,0
183278,2020-11-14 09:30:08,819,68,0,0,1,0,0,0,0,0,0,0,0,0,0,0,0
183290,2020-11-14 09:34:55,856,67,0,0,0,0,0,0,0,0,0,0,0,0,0,1,0
183331,2020-11-14 10:00:12,933,67,0,0,1,0,0,0,0,0,0,0,0,0,0,0,0
183391,2020-11-14 10:30:07,1124,66,0,0,1,0,0,0,0,0,0,0,0,0,0,0,0
183429,2020-11-14 10:55:55,1138,65,0,1,0,0,0,0,0,0,0,0,0,1,0,0,0
183442,2020-11-14 11:04:06,1182,65,0,1,0,0,0,0,0,0,0,0,0,1,0,0,0
183449,2020-11-14 11:10:08,1327,65,0,0,1,0,0,0,0,0,0,0,0,0,0,0,0
183451,2020-11-14 11:10:33,1378,64,0,0,0,0,1,0,0,0,0,0,0,0,0,0,0
183452,2020-11-14 11:10:46,1389,65,0,0,0,0,1,0,0,0,0,0,0,0,0,0,0
183482,2020-11-14 11:23:56,2829,64,0,0,0,0,1,0,0,0,0,0,0,0,0,0,0
183504,2020-11-14 11:30:16,3111,65,0,0,1,0,0,0,0,0,0,0,0,0,0,0,0
183534,2020-11-14 11:44:31,4708,63,0,0,1,0,0,0,0,0,0,0,0,0,0,0,0
183588,2020-11-14 12:08:18,7452,62,0,0,0,0,0,1,0,0,0,0,0,0,0,0,0
183589,2020-11-14 12:08:20,7456,64,0,0,0,0,0,0,1,0,0,0,0,0,0,0,0
183590,2020-11-14 12:08:21,7461,63,0,0,0,0,0,0,0,0,1,0,0,0,0,0,0
183591,2020-11-14 12:08:24,7462,64,0,0,0,0,1,0,0,0,0,0,0,0,0,0,0
183604,2020-11-14 12:12:41,7721,64,0,0,1,0,0,0,0,0,0,0,0,0,0,0,0
183617,2020-11-14 12:20:13,8034,63,0,0,1,0,0,0,0,0,0,0,0,0,0,0,0
183629,2020-11-14 12:30:07,8623,62,0,0,1,0,0,0,0,0,0,0,0,0,0,0,0
183636,2020-11-14 12:34:46,8754,63,0,0,0,0,1,0,0,0,0,0,0,0,0,0,0
183645,2020-11-14 12:40:07,9089,62,0,0,1,0,0,0,0,0,0,0,0,0,0,0,0
183672,2020-11-14 12:50:06,9350,62,0,0,1,0,0,0,0,0,0,0,0,0,0,0,0
183688,2020-11-14 13:00:07,9407,61,0,0,1,0,0,0,0,0,0,0,0,0,0,0,0
183720,2020-11-14 13:10:08,9501,61,0,0,1,0,0,0,0,0,0,0,0,0,0,0,0
183741,2020-11-14 13:20:06,9885,60,0,0,1,0,0,0,0,0,0,0,0,0,0,0,0
183761,2020-11-14 13:30:08,10914,59,0,0,1,0,0,0,0,0,0,0,0,0,0,0,0
183778,2020-11-14 13:40:08,11678,59,0,0,1,0,0,0,0,0,0,0,0,0,0,0,0
183782,2020-11-14 13:40:55,11761,58,0,0,0,0,0,1,0,0,0,0,0,0,0,0,0
183784,2020-11-14 13:42:04,11810,59,0,0,0,0,0,0,0,0,0,0,0,0,1,0,0
183786,2020-11-14 13:42:23,11838,60,0,0,0,0,0,0,0,0,0,0,0,0,1,0,0
183787,2020-11-14 13:42:33,11851,60,0,0,0,0,0,0,0,0,0,0,0,0,1,0,0
183788,2020-11-14 13:43:34,11883,59,0,0,0,0,0,0,0,0,0,0,0,0,1,0,0
183790,2020-11-14 13:43:43,11896,60,0,0,0,0,0,0,0,0,0,0,0,0,1,0,0
183793,2020-11-14 13:49:35,11923,59,0,0,0,0,0,0,0,0,0,0,0,0,1,0,0
183804,2020-11-14 13:52:53,12014,58,0,0,0,0,0,0,0,0,0,0,0,0,1,0,0
183805,2020-11-14 13:53:01,12028,59,0,0,0,0,0,0,0,0,0,0,0,0,1,0,0
183806,2020-11-14 13:53:13,12045,59,0,0,0,0,0,0,0,0,0,0,0,0,1,0,0
183808,2020-11-14 13:53:21,12061,58,0,0,0,0,0,0,0,0,0,0,0,0,1,0,0
183809,2020-11-14 13:53:42,12088,59,0,0,0,0,0,0,0,0,0,0,0,0,1,0,0
183810,2020-11-14 13:54:21,12162,59,0,0,0,0,0,0,0,0,0,0,0,0,1,0,0
183812,2020-11-14 13:54:31,12180,59,0,0,0,0,0,0,0,0,0,0,0,0,1,0,0
183827,2020-11-14 14:00:11,12779,58,0,0,1,0,0,0,0,0,0,0,0,0,0,0,0
183857,2020-11-14 14:10:06,13222,59,0,0,1,0,0,0,0,0,0,0,0,0,0,0,0
183921,2020-11-14 14:30:06,13255,57,0,0,1,0,0,0,0,0,0,0,0,0,0,0,0
183937,2020-11-14 14:36:25,13263,57,0,1,0,1,0,0,0,0,0,0,0,0,0,0,0
183974,2020-11-14 14:56:47,13307,57,0,1,0,0,0,0,0,0,0,0,0,1,0,0,0
184000,2020-11-14 15:10:08,13321,56,0,0,1,0,0,0,0,0,0,0,0,0,0,0,0
184031,2020-11-14 15:30:07,13369,56,0,0,1,0,0,0,0,0,0,0,0,0,0,0,0
184151,2020-11-14 16:50:06,13376,52,0,0,1,0,0,0,0,0,0,0,0,0,0,0,0
184182,2020-11-14 17:10:12,13407,52,0,0,1,0,0,0,0,0,0,0,0,0,0,0,0
184245,2020-11-14 17:50:07,13577,50,0,0,1,0,0,0,0,0,0,0,0,0,0,0,0
184256,2020-11-14 18:00:09,13588,50,0,0,1,0,0,0,0,0,0,0,0,0,0,0,0
184271,2020-11-14 18:08:53,13604,50,0,1,0,1,0,0,0,0,0,0,0,0,0,0,0
184312,2020-11-14 18:30:09,13617,50,0,0,1,0,0,0,0,0,0,0,0,0,0,0,0
184337,2020-11-14 18:53:19,13799,48,0,1,0,0,0,0,0,0,0,0,0,1,0,0,0
184381,2020-11-14 19:34:57,13916,48,0,1,0,0,0,0,0,0,0,0,0,1,0,0,0
184396,2020-11-14 19:50:20,13925,47,0,1,0,0,0,0,0,0,0,0,0,1,0,0,0
184431,2020-11-14 20:30:07,13955,46,0,0,1,0,0,0,0,0,0,0,0,0,0,0,0
184458,2020-11-14 20:50:13,14004,46,0,0,1,0,0,0,0,0,0,0,0,0,0,0,0
184466,2020-11-14 21:00:14,14020,45,0,0,1,0,0,0,0,0,0,0,0,0,0,0,0
184482,2020-11-14 21:20:07,14040,44,0,0,1,0,0,0,0,0,0,0,0,0,0,0,0
184528,2020-11-14 22:27:18,14135,44,0,0,0,0,1,0,0,0,0,0,0,0,0,0,0
184538,2020-11-14 22:40:08,14199,54,1,0,1,0,0,0,0,0,0,0,0,0,0,0,0
184553,2020-11-14 23:10:06,14228,83,0,0,1,0,0,0,0,0,0,0,0,0,0,0,0
184558,2020-11-14 23:30:09,14282,80,0,0,1,0,0,0,0,0,0,0,0,0,0,0,0
184564,2020-11-14 23:41:57,14309,79,0,0,1,0,0,0,0,0,0,0,0,0,0,0,0
184569,2020-11-15 00:20:07,9,78,0,0,1,0,0,0,0,0,0,0,0,0,0,0,0
184576,2020-11-15 01:35:01,29,74,0,0,0,0,1,0,0,0,0,0,0,0,0,0,0
184577,2020-11-15 01:35:23,44,74,0,0,0,0,1,0,0,0,0,0,0,0,0,0,0
184578,2020-11-15 01:40:06,63,74,0,0,1,0,0,0,0,0,0,0,0,0,0,0,0
184580,2020-11-15 02:00:06,77,73,0,0,1,0,0,0,0,0,0,0,0,0,0,0,0
184584,2020-11-15 02:50:11,84,72,0,0,1,0,0,0,0,0,0,0,0,0,0,0,0
184592,2020-11-15 03:50:05,96,70,0,0,1,0,0,0,0,0,0,0,0,0,0,0,0
184625,2020-11-15 06:40:05,109,65,0,0,1,0,0,0,0,0,0,0,0,0,0,0,0
184633,2020-11-15 06:50:06,126,64,0,0,1,0,0,0,0,0,0,0,0,0,0,0,0
184642,2020-11-15 07:08:14,257,64,0,0,0,0,1,0,0,0,0,0,0,0,0,0,0
184647,2020-11-15 07:21:06,266,63,0,0,1,0,0,0,0,0,0,0,0,0,0,0,0
184661,2020-11-15 07:50:06,288,62,0,0,1,0,0,0,0,0,0,0,0,0,0,0,0
184698,2020-11-15 08:11:29,421,62,0,1,0,1,0,0,0,0,0,0,0,0,0,0,0
184724,2020-11-15 08:40:07,592,61,0,0,1,0,0,0,0,0,0,0,0,0,0,0,0
184733,2020-11-15 08:50:07,607,60,0,0,1,0,0,0,0,0,0,0,0,0,0,0,0
184741,2020-11-15 09:00:10,729,59,0,0,1,0,0,0,0,0,0,0,0,0,0,0,0
184748,2020-11-15 09:10:08,1573,59,0,0,1,0,0,0,0,0,0,0,0,0,0,0,0
184750,2020-11-15 09:11:04,1668,59,0,0,0,0,0,0,0,0,0,0,0,0,1,0,0
184751,2020-11-15 09:11:14,1685,59,0,0,0,0,0,0,0,0,0,0,0,0,1,0,0
184752,2020-11-15 09:11:22,1700,60,0,0,0,0,0,0,0,0,0,0,0,0,1,0,0
184753,2020-11-15 09:11:32,1716,60,0,0,0,0,0,0,0,0,0,0,0,0,1,0,0
184754,2020-11-15 09:14:10,1867,59,0,0,0,0,0,0,0,0,0,0,0,0,1,0,0
184806,2020-11-15 09:44:16,2118,59,0,0,1,0,0,0,0,0,0,0,0,0,0,0,0
184835,2020-11-15 10:00:14,2135,58,0,0,1,0,0,0,0,0,0,0,0,0,0,0,0
184867,2020-11-15 10:13:51,2307,56,0,0,1,0,0,0,0,0,0,0,0,0,0,0,0
184920,2020-11-15 10:46:06,2392,55,0,0,0,0,0,0,0,0,0,0,0,0,1,0,0
184922,2020-11-15 10:48:33,2538,55,0,0,0,0,0,0,0,0,0,0,0,0,1,0,0
184942,2020-11-15 11:00:07,2768,55,0,0,1,0,0,0,0,0,0,0,0,0,0,0,0
184973,2020-11-15 11:20:07,2775,54,0,0,1,0,0,0,0,0,0,0,0,0,0,0,0
185079,2020-11-15 11:50:08,2830,53,0,0,1,0,0,0,0,0,0,0,0,0,0,0,0
185106,2020-11-15 12:10:06,2846,53,0,0,1,0,0,0,0,0,0,0,0,0,0,0,0
185193,2020-11-15 12:42:03,2855,52,0,0,1,0,0,0,0,0,0,0,0,0,0,0,0
185273,2020-11-15 13:19:03,3032,51,0,1,0,0,0,0,0,0,0,0,0,1,0,0,0
185301,2020-11-15 13:30:18,3042,50,0,0,1,0,0,0,0,0,0,0,0,0,0,0,0
185337,2020-11-15 13:58:26,3176,50,0,1,0,0,0,0,0,0,0,0,0,1,0,0,0
185663,2020-11-15 16:30:08,3192,45,0,0,1,0,0,0,0,0,0,0,0,0,0,0,0
185741,2020-11-15 17:05:11,3278,44,0,0,0,0,0,0,0,0,0,0,0,0,1,0,0
185759,2020-11-15 17:10:30,3341,44,0,0,1,0,0,0,0,0,0,0,0,0,0,0,0
185830,2020-11-15 17:50:12,3689,43,0,0,1,0,0,0,0,0,0,0,0,0,0,0,0
185839,2020-11-15 17:57:24,3696,44,0,1,0,0,0,0,0,0,0,0,0,1,0,0,0
185882,2020-11-15 18:18:13,3705,42,0,1,0,1,0,0,0,0,0,0,0,0,0,0,0
185897,2020-11-15 18:21:15,3717,42,0,1,0,0,0,0,0,0,0,0,0,1,0,0,0
185918,2020-11-15 18:35:54,3806,42,0,1,0,1,0,0,0,0,0,0,0,0,0,0,0
185932,2020-11-15 18:42:19,3860,40,0,0,0,0,0,0,0,0,0,0,0,0,1,0,0
185933,2020-11-15 18:42:56,3890,42,0,0,0,0,1,0,0,0,0,0,0,0,0,0,0
185964,2020-11-15 19:12:46,3923,39,0,0,0,0,0,0,0,0,0,0,0,0,1,0,0
185969,2020-11-15 19:20:07,3948,41,0,0,1,0,0,0,0,0,0,0,0,0,0,0,0
186040,2020-11-15 20:50:06,3992,37,0,0,1,0,0,0,0,0,0,0,0,0,0,0,0
186069,2020-11-15 21:50:08,4070,98,0,0,1,0,0,0,0,0,0,0,0,0,0,0,0
186070,2020-11-15 21:56:37,4077,96,0,0,0,0,1,0,0,0,0,0,0,0,0,0,0
186076,2020-11-15 22:00:07,4086,95,0,0,1,0,0,0,0,0,0,0,0,0,0,0,0
186083,2020-11-15 22:10:06,4124,95,0,0,1,0,0,0,0,0,0,0,0,0,0,0,0
186093,2020-11-15 22:20:06,4140,95,0,0,1,0,0,0,0,0,0,0,0,0,0,0,0
186106,2020-11-15 22:40:06,4171,93,0,0,1,0,0,0,0,0,0,0,0,0,0,0,0
186112,2020-11-15 22:50:06,4187,93,0,0,1,0,0,0,0,0,0,0,0,0,0,0,0
186118,2020-11-15 23:01:55,4196,93,0,0,1,0,0,0,0,0,0,0,0,0,0,0,0
186124,2020-11-15 23:30:06,4205,91,0,0,1,0,0,0,0,0,0,0,0,0,0,0,0
186148,2020-11-16 01:50:05,7,86,0,0,1,0,0,0,0,0,0,0,0,0,0,0,0
186161,2020-11-16 03:30:06,62,82,0,0,1,0,0,0,0,0,0,0,0,0,0,0,0
186176,2020-11-16 04:20:07,81,80,0,0,1,0,0,0,0,0,0,0,0,0,0,0,0
186189,2020-11-16 05:01:45,112,79,0,0,0,0,1,0,0,0,0,0,0,0,0,0,0
186193,2020-11-16 05:10:09,306,77,0,0,1,0,0,0,0,0,0,0,0,0,0,0,0
186195,2020-11-16 05:14:20,505,77,0,0,0,0,0,0,0,0,0,0,0,0,1,0,0
186196,2020-11-16 05:17:07,601,78,0,0,0,0,0,0,0,0,0,0,0,0,1,0,0
186197,2020-11-16 05:17:17,616,78,0,0,0,0,0,0,0,0,0,0,0,0,1,0,0
186198,2020-11-16 05:17:27,632,79,0,0,0,0,0,0,0,0,0,0,0,0,1,0,0
186199,2020-11-16 05:17:37,639,79,0,0,0,0,0,0,0,0,0,0,0,0,1,0,0
186215,2020-11-16 06:10:56,647,75,0,0,1,0,0,0,0,0,0,0,0,0,0,0,0
186221,2020-11-16 06:35:19,721,76,0,0,0,0,0,0,0,0,0,0,0,0,1,0,0
186222,2020-11-16 06:37:38,817,76,0,0,0,0,0,0,0,0,0,0,0,0,1,0,0
186223,2020-11-16 06:37:47,824,74,0,0,0,0,0,0,0,0,0,0,0,0,1,0,0
186233,2020-11-16 06:59:16,907,74,0,1,0,1,0,0,0,0,0,0,0,0,0,0,0
186288,2020-11-16 07:50:08,916,72,0,0,1,0,0,0,0,0,0,0,0,0,0,0,0
186298,2020-11-16 08:00:08,925,72,0,0,1,0,0,0,0,0,0,0,0,0,0,0,0
186309,2020-11-16 08:10:08,947,71,0,0,1,0,0,0,0,0,0,0,0,0,0,0,0
186324,2020-11-16 08:20:08,963,71,0,0,1,0,0,0,0,0,0,0,0,0,0,0,0
186335,2020-11-16 08:30:08,983,71,0,0,1,0,0,0,0,0,0,0,0,0,0,0,0
186437,2020-11-16 09:30:07,1389,69,0,0,1,0,0,0,0,0,0,0,0,0,0,0,0
186479,2020-11-16 09:50:07,1562,68,0,0,1,0,0,0,0,0,0,0,0,0,0,0,0
186508,2020-11-16 10:00:05,2299,68,0,0,1,0,0,0,0,0,0,0,0,0,0,0,0
186531,2020-11-16 10:10:08,3371,69,0,0,1,0,0,0,0,0,0,0,0,0,0,0,0
186541,2020-11-16 10:12:21,3570,68,0,0,0,0,0,0,0,0,0,0,0,0,1,0,0
186549,2020-11-16 10:14:17,3740,67,0,0,0,0,0,0,0,0,0,0,0,0,1,0,0
186550,2020-11-16 10:14:27,3753,68,0,0,0,0,0,0,0,0,0,0,0,0,1,0,0
186551,2020-11-16 10:14:37,3766,67,0,0,0,0,0,0,0,0,0,0,0,0,1,0,0
186552,2020-11-16 10:14:47,3779,68,0,0,0,0,0,0,0,0,0,0,0,0,1,0,0
186554,2020-11-16 10:14:57,3792,68,0,0,0,0,0,0,0,0,0,0,0,0,1,0,0
186555,2020-11-16 10:15:07,3802,69,0,0,0,0,0,0,0,0,0,0,0,0,1,0,0
186557,2020-11-16 10:16:35,3917,67,0,0,0,0,0,0,0,0,0,0,0,0,1,0,0
186558,2020-11-16 10:16:45,3923,69,0,0,0,0,0,0,0,0,0,0,0,0,1,0,0
186573,2020-11-16 10:20:08,3944,67,0,0,1,0,0,0,0,0,0,0,0,0,0,0,0
186681,2020-11-16 11:10:06,4704,66,0,0,1,0,0,0,0,0,0,0,0,0,0,0,0
186729,2020-11-16 11:30:11,4871,66,0,0,1,0,0,0,0,0,0,0,0,0,0,0,0
186760,2020-11-16 11:44:06,4933,65,0,0,1,0,0,0,0,0,0,0,0,0,0,0,0
186871,2020-11-16 12:30:05,4941,63,0,0,1,0,0,0,0,0,0,0,0,0,0,0,0
186974,2020-11-16 13:02:02,4968,63,0,0,1,0,0,0,0,0,0,0,0,0,0,0,0
187110,2020-11-16 13:50:06,5120,60,0,0,1,0,0,0,0,0,0,0,0,0,0,0,0
187131,2020-11-16 14:00:05,5472,60,0,0,1,0,0,0,0,0,0,0,0,0,0,0,0
187152,2020-11-16 14:04:56,5943,60,0,0,0,0,0,0,0,0,0,0,0,0,1,0,0
187153,2020-11-16 14:05:06,5963,60,0,0,0,0,0,0,0,0,0,0,0,0,1,0,0
187154,2020-11-16 14:05:16,5983,60,0,0,0,0,0,0,0,0,0,0,0,0,1,0,0
187155,2020-11-16 14:05:27,6006,60,0,0,0,0,0,0,0,0,0,0,0,0,1,0,0
187161,2020-11-16 14:07:56,6297,60,0,0,0,0,0,0,0,0,0,0,0,0,1,0,0
187175,2020-11-16 14:10:08,6537,59,0,0,1,0,0,0,0,0,0,0,0,0,0,0,0
187214,2020-11-16 14:23:42,7410,58,0,0,1,0,0,0,0,0,0,0,0,0,0,0,0
187219,2020-11-16 14:24:39,7417,59,0,0,0,0,0,0,0,0,0,0,0,0,1,0,0
187234,2020-11-16 14:28:45,7440,60,0,0,0,0,0,0,0,0,0,0,0,0,1,0,0
187261,2020-11-16 14:31:51,7449,59,0,0,0,0,0,0,0,0,0,0,0,0,1,0,0
187284,2020-11-16 14:37:56,7482,58,0,0,0,0,0,0,0,0,0,0,0,0,1,0,0
187285,2020-11-16 14:38:15,7506,58,0,0,0,0,0,0,0,0,0,0,0,0,1,0,0
187286,2020-11-16 14:38:25,7507,58,0,0,0,0,0,0,0,0,0,0,0,0,1,0,0
187305,2020-11-16 14:40:24,7523,58,0,0,0,0,0,0,0,0,0,0,0,0,1,0,0
187306,2020-11-16 14:40:34,7542,59,0,0,0,0,0,0,0,0,0,0,0,0,1,0,0
187308,2020-11-16 14:40:44,7557,57,0,0,0,0,0,0,0,0,0,0,0,0,1,0,0
187309,2020-11-16 14:40:54,7578,57,0,0,0,0,0,0,0,0,0,0,0,0,1,0,0
187311,2020-11-16 14:41:13,7591,57,0,0,0,0,0,0,0,0,0,0,0,0,1,0,0
187317,2020-11-16 14:43:47,7618,59,0,0,1,0,0,0,0,0,0,0,0,0,0,0,0
187346,2020-11-16 15:00:07,7632,58,0,0,1,0,0,0,0,0,0,0,0,0,0,0,0
187367,2020-11-16 15:10:08,7649,57,0,0,1,0,0,0,0,0,0,0,0,0,0,0,0
187435,2020-11-16 15:30:06,7678,57,0,0,1,0,0,0,0,0,0,0,0,0,0,0,0
187458,2020-11-16 15:40:07,7724,55,0,0,1,0,0,0,0,0,0,0,0,0,0,0,0
187468,2020-11-16 15:41:04,7757,57,0,0,0,0,0,0,0,0,0,0,0,0,1,0,0
187469,2020-11-16 15:41:23,7779,56,0,0,0,0,0,0,0,0,0,0,0,0,1,0,0
187471,2020-11-16 15:41:34,7796,55,0,0,0,0,0,0,0,0,0,0,0,0,1,0,0
187472,2020-11-16 15:41:46,7815,57,0,0,0,0,0,0,0,0,0,0,0,0,1,0,0
187491,2020-11-16 15:50:07,8089,56,0,0,1,0,0,0,0,0,0,0,0,0,0,0,0
187538,2020-11-16 16:01:34,9101,57,0,0,0,0,0,0,0,0,0,0,0,0,1,0,0
187540,2020-11-16 16:01:44,9123,56,0,0,0,0,0,0,0,0,0,0,0,0,1,0,0
187541,2020-11-16 16:01:55,9145,56,0,0,0,0,0,0,0,0,0,0,0,0,1,0,0
187543,2020-11-16 16:02:06,9167,55,0,0,0,0,0,0,0,0,0,0,0,0,1,0,0
187545,2020-11-16 16:02:29,9200,56,0,0,0,0,0,0,0,0,0,0,0,0,1,0,0
187547,2020-11-16 16:02:48,9208,55,0,0,0,0,0,0,0,0,0,0,0,0,1,0,0
187557,2020-11-16 16:09:32,9678,56,0,0,0,0,0,0,0,0,0,0,0,0,1,0,0
187566,2020-11-16 16:10:06,9729,56,0,0,1,0,0,0,0,0,0,0,0,0,0,0,0
187571,2020-11-16 16:10:31,9741,55,0,0,0,0,0,0,0,0,0,0,0,0,1,0,0
187572,2020-11-16 16:10:42,9748,55,0,0,0,0,0,0,0,0,0,0,0,0,1,0,0
187578,2020-11-16 16:15:45,9774,55,0,0,0,0,0,0,0,0,0,0,0,0,1,0,0
187612,2020-11-16 16:26:03,9784,55,0,0,0,0,0,0,0,0,0,0,0,0,1,0,0
187614,2020-11-16 16:26:13,9804,54,0,0,0,0,0,0,0,0,0,0,0,0,1,0,0
187615,2020-11-16 16:26:33,9840,54,0,0,0,0,0,0,0,0,0,0,0,0,1,0,0
187617,2020-11-16 16:26:43,9858,54,0,0,0,0,0,0,0,0,0,0,0,0,1,0,0
187620,2020-11-16 16:27:02,9892,54,0,0,0,0,0,0,0,0,0,0,0,0,1,0,0
187621,2020-11-16 16:27:12,9905,54,0,0,0,0,0,0,0,0,0,0,0,0,1,0,0
187622,2020-11-16 16:27:22,9921,55,0,0,0,0,0,0,0,0,0,0,0,0,1,0,0
187623,2020-11-16 16:27:32,9938,55,0,0,0,0,0,0,0,0,0,0,0,0,1,0,0
187624,2020-11-16 16:27:41,9956,54,0,0,0,0,0,0,0,0,0,0,0,0,1,0,0
187625,2020-11-16 16:27:52,9974,55,0,0,0,0,0,0,0,0,0,0,0,0,1,0,0
187626,2020-11-16 16:28:01,9991,55,0,0,0,0,0,0,0,0,0,0,0,0,1,0,0
187627,2020-11-16 16:28:12,10012,55,0,0,0,0,0,0,0,0,0,0,0,0,1,0,0
187628,2020-11-16 16:28:22,10028,54,0,0,0,0,0,0,0,0,0,0,0,0,1,0,0
187638,2020-11-16 16:30:06,10201,54,0,0,1,0,0,0,0,0,0,0,0,0,0,0,0
187664,2020-11-16 16:40:06,10891,54,0,0,1,0,0,0,0,0,0,0,0,0,0,0,0
187669,2020-11-16 16:40:47,10899,54,0,0,0,0,1,0,0,0,0,0,0,0,0,0,0
187682,2020-11-16 16:48:55,10959,54,0,1,0,0,0,0,0,0,0,0,0,1,0,0,0
187698,2020-11-16 16:50:05,10966,54,0,0,1,0,0,0,0,0,0,0,0,0,0,0,0
187720,2020-11-16 16:59:31,11071,53,0,1,0,0,0,0,0,0,0,0,0,1,0,0,0
187791,2020-11-16 17:29:11,11140,52,0,1,0,0,0,0,0,0,0,0,0,1,0,0,0
187806,2020-11-16 17:34:25,11341,51,0,1,0,1,0,0,0,0,0,0,0,0,0,0,0
187818,2020-11-16 17:40:21,11533,52,0,0,1,0,0,0,0,0,0,0,0,0,0,0,0
187857,2020-11-16 18:00:08,11758,52,0,0,1,0,0,0,0,0,0,0,0,0,0,0,0
187879,2020-11-16 18:08:24,11838,50,0,1,0,0,0,0,0,0,0,0,0,1,0,0,0
187948,2020-11-16 18:16:47,12219,51,0,0,0,0,0,0,0,0,0,0,0,0,1,0,0
187957,2020-11-16 18:20:07,12240,51,0,0,1,0,0,0,0,0,0,0,0,0,0,0,0
187992,2020-11-16 18:36:29,12293,51,0,0,0,0,0,0,0,0,0,0,0,0,1,0,0
187993,2020-11-16 18:36:39,12311,50,0,0,0,0,0,0,0,0,0,0,0,0,1,0,0
187995,2020-11-16 18:36:49,12332,50,0,0,0,0,0,0,0,0,0,0,0,0,1,0,0
187996,2020-11-16 18:36:58,12353,50,0,0,0,0,0,0,0,0,0,0,0,0,1,0,0
188004,2020-11-16 18:40:06,12432,50,0,0,1,0,0,0,0,0,0,0,0,0,0,0,0
188029,2020-11-16 18:50:29,12479,50,0,1,0,0,0,0,0,0,0,0,0,1,0,0,0
188037,2020-11-16 18:57:03,12495,50,0,1,0,0,0,0,0,0,0,0,0,1,0,0,0
188083,2020-11-16 19:26:24,12502,49,0,1,0,0,0,0,0,0,0,0,0,1,0,0,0
188154,2020-11-16 20:10:07,12520,48,0,0,1,0,0,0,0,0,0,0,0,0,0,0,0
188192,2020-11-16 20:52:20,12573,45,0,1,0,1,0,0,0,0,0,0,0,0,0,0,0
188227,2020-11-16 21:20:06,12637,46,0,0,1,0,0,0,0,0,0,0,0,0,0,0,0
188256,2020-11-16 21:50:08,12644,45,0,0,1,0,0,0,0,0,0,0,0,0,0,0,0
188269,2020-11-16 22:10:06,12688,61,1,0,1,0,0,0,0,0,0,0,0,0,0,0,0
188302,2020-11-16 22:41:56,12725,81,0,0,1,0,0,0,0,0,0,0,0,0,0,0,0
188332,2020-11-16 23:30:08,12733,78,0,0,1,0,0,0,0,0,0,0,0,0,0,0,0
188336,2020-11-16 23:40:07,12755,78,0,0,1,0,0,0,0,0,0,0,0,0,0,0,0
188340,2020-11-16 23:50:07,12762,77,0,0,1,0,0,0,0,0,0,0,0,0,0,0,0
188352,2020-11-17 01:11:56,9,75,0,0,1,0,0,0,0,0,0,0,0,0,0,0,0
188372,2020-11-17 03:07:32,17,70,0,0,0,0,1,0,0,0,0,0,0,0,0,0,0
188374,2020-11-17 03:10:05,59,70,0,0,1,0,0,0,0,0,0,0,0,0,0,0,0
188391,2020-11-17 05:00:06,194,66,0,0,1,0,0,0,0,0,0,0,0,0,0,0,0
188396,2020-11-17 05:10:31,309,66,0,1,0,0,0,0,0,0,0,0,0,1,0,0,0
188397,2020-11-17 05:14:23,506,66,0,0,0,0,0,0,0,0,0,0,0,0,1,0,0
188398,2020-11-17 05:16:11,551,66,0,0,0,0,0,0,0,0,0,0,0,0,1,0,0
188399,2020-11-17 05:16:20,565,66,0,0,0,0,0,0,0,0,0,0,0,0,1,0,0
188400,2020-11-17 05:16:40,576,66,0,0,0,0,0,0,0,0,0,0,0,0,1,0,0
188418,2020-11-17 05:52:57,600,64,0,0,1,0,0,0,0,0,0,0,0,0,0,0,0
188426,2020-11-17 06:10:05,607,65,0,0,1,0,0,0,0,0,0,0,0,0,0,0,0
188451,2020-11-17 06:58:49,703,63,0,0,0,0,0,0,0,0,0,0,0,0,1,0,0
188452,2020-11-17 06:59:08,734,62,0,0,0,0,0,0,0,0,0,0,0,0,1,0,0
188456,2020-11-17 07:00:46,931,62,0,0,0,0,0,0,0,0,0,0,0,0,1,0,0
188457,2020-11-17 07:00:56,953,61,0,0,0,0,0,0,0,0,0,0,0,0,1,0,0
188458,2020-11-17 07:01:06,973,61,0,0,0,0,0,0,0,0,0,0,0,0,1,0,0
188460,2020-11-17 07:03:41,1235,62,0,0,1,0,0,0,0,0,0,0,0,0,0,0,0
188470,2020-11-17 07:13:12,1942,62,0,0,1,0,0,0,0,0,0,0,0,0,0,0,0
188476,2020-11-17 07:20:06,2025,62,0,0,1,0,0,0,0,0,0,0,0,0,0,0,0
188482,2020-11-17 07:25:10,2032,61,0,1,0,1,0,0,0,0,0,0,0,0,0,0,0
188485,2020-11-17 07:29:32,2049,60,0,1,0,1,0,0,0,0,0,0,0,0,0,0,0
188523,2020-11-17 07:55:58,2081,61,0,1,0,1,0,0,0,0,0,0,0,0,0,0,0
188545,2020-11-17 08:10:09,2173,60,0,0,1,0,0,0,0,0,0,0,0,0,0,0,0
188551,2020-11-17 08:20:05,2183,59,0,0,1,0,0,0,0,0,0,0,0,0,0,0,0
188565,2020-11-17 08:30:07,2201,59,0,0,1,0,0,0,0,0,0,0,0,0,0,0,0
188576,2020-11-17 08:40:06,2248,59,0,0,1,0,0,0,0,0,0,0,0,0,0,0,0
188579,2020-11-17 08:43:00,2270,58,0,1,0,1,0,0,0,0,0,0,0,0,0,0,0
188593,2020-11-17 08:50:10,2288,59,0,0,1,0,0,0,0,0,0,0,0,0,0,0,0
188674,2020-11-17 09:41:52,2297,56,0,1,0,1,0,0,0,0,0,0,0,0,0,0,0
188690,2020-11-17 09:50:07,2314,57,0,0,1,0,0,0,0,0,0,0,0,0,0,0,0
188768,2020-11-17 10:32:48,2324,54,0,1,0,0,0,0,0,0,0,0,0,1,0,0,0
188782,2020-11-17 10:40:09,2332,54,0,0,1,0,0,0,0,0,0,0,0,0,0,0,0
188792,2020-11-17 10:44:51,2352,55,0,1,0,0,0,0,0,0,0,0,0,1,0,0,0
188865,2020-11-17 11:09:28,2405,53,0,1,0,0,0,0,0,0,0,0,0,1,0,0,0
188901,2020-11-17 11:20:05,2456,53,0,0,1,0,0,0,0,0,0,0,0,0,0,0,0
188938,2020-11-17 11:40:06,2533,53,0,0,1,0,0,0,0,0,0,0,0,0,0,0,0
189051,2020-11-17 12:40:05,2574,51,0,0,1,0,0,0,0,0,0,0,0,0,0,0,0
189071,2020-11-17 12:50:06,2599,50,0,0,1,0,0,0,0,0,0,0,0,0,0,0,0
189182,2020-11-17 13:37:19,2758,50,0,1,0,1,0,0,0,0,0,0,0,0,0,0,0
189245,2020-11-17 14:10:12,3133,49,0,0,1,0,0,0,0,0,0,0,0,0,0,0,0
189258,2020-11-17 14:20:04,3166,48,0,0,1,0,0,0,0,0,0,0,0,0,0,0,0
189277,2020-11-17 14:30:07,3180,48,0,0,1,0,0,0,0,0,0,0,0,0,0,0,0
189293,2020-11-17 14:33:45,3194,48,0,1,0,0,0,0,0,0,0,0,0,1,0,0,0
189390,2020-11-17 15:16:47,3349,46,0,1,0,0,0,0,0,0,0,0,0,1,0,0,0
189510,2020-11-17 16:10:06,3359,44,0,0,1,0,0,0,0,0,0,0,0,0,0,0,0
189588,2020-11-17 16:50:04,3367,43,0,0,1,0,0,0,0,0,0,0,0,0,0,0,0
189640,2020-11-17 17:14:55,3375,41,0,1,0,0,0,0,0,0,0,0,0,1,0,0,0
189710,2020-11-17 17:50:05,3384,41,0,0,1,0,0,0,0,0,0,0,0,0,0,0,0
189724,2020-11-17 17:56:55,3573,40,0,1,0,1,0,0,0,0,0,0,0,0,0,0,0
189744,2020-11-17 18:07:41,3678,40,0,1,0,0,0,0,0,0,0,0,0,1,0,0,0
189794,2020-11-17 18:39:14,3695,40,0,1,0,0,0,0,0,0,0,0,0,1,0,0,0
189858,2020-11-17 19:02:14,3702,38,0,1,0,1,0,0,0,0,0,0,0,0,0,0,0
189859,2020-11-17 19:02:26,3712,38,0,0,0,0,0,1,0,0,0,0,0,0,0,0,0
189861,2020-11-17 19:02:35,3713,38,0,1,0,0,0,0,0,0,0,0,0,1,0,0,0
189864,2020-11-17 19:09:34,3743,38,0,1,0,0,0,0,0,0,0,0,0,1,0,0,0
189896,2020-11-17 19:28:39,3768,37,0,1,0,1,0,0,0,0,0,0,0,0,0,0,0
189914,2020-11-17 19:40:06,3776,38,0,0,1,0,0,0,0,0,0,0,0,0,0,0,0
189949,2020-11-17 20:30:09,3798,36,0,1,0,0,0,0,0,0,0,0,0,1,0,0,0
189965,2020-11-17 20:50:12,3842,36,0,0,1,0,0,0,0,0,0,0,0,0,0,0,0
189970,2020-11-17 20:59:21,3849,35,0,1,0,0,0,0,0,0,0,0,0,1,0,0,0
189983,2020-11-17 21:10:05,3912,35,0,0,1,0,0,0,0,0,0,0,0,0,0,0,0
189993,2020-11-17 21:20:06,3945,53,1,0,1,0,0,0,0,0,0,0,0,0,0,0,0
190066,2020-11-17 23:10:07,3952,95,0,0,1,0,0,0,0,0,0,0,0,0,0,0,0
190071,2020-11-17 23:30:04,3959,95,0,0,1,0,0,0,0,0,0,0,0,0,0,0,0
190074,2020-11-17 23:40:04,4023,94,0,0,1,0,0,0,0,0,0,0,0,0,0,0,0
190098,2020-11-18 03:39:12,8,83,0,0,0,0,1,0,0,0,0,0,0,0,0,0,0
190102,2020-11-18 04:32:52,26,83,0,0,0,0,1,0,0,0,0,0,0,0,0,0,0
190106,2020-11-18 04:44:57,33,82,0,0,0,0,1,0,0,0,0,0,0,0,0,0,0
190108,2020-11-18 04:48:27,54,82,0,0,0,0,1,0,0,0,0,0,0,0,0,0,0
190111,2020-11-18 05:00:07,331,81,0,0,1,0,0,0,0,0,0,0,0,0,0,0,0
190112,2020-11-18 05:02:19,342,82,0,1,0,1,0,0,0,0,0,0,0,0,0,0,0
190114,2020-11-18 05:10:04,701,81,0,0,1,0,0,0,0,0,0,0,0,0,0,0,0
190115,2020-11-18 05:17:17,710,81,0,0,0,0,0,0,0,0,0,0,0,0,1,0,0
190116,2020-11-18 05:19:24,782,81,0,0,0,0,0,0,0,0,0,0,0,0,1,0,0
190117,2020-11-18 05:19:34,790,80,0,0,0,0,0,0,0,0,0,0,0,0,1,0,0
190118,2020-11-18 05:19:44,803,81,0,0,0,0,0,0,0,0,0,0,0,0,1,0,0
190119,2020-11-18 05:21:03,811,81,0,0,1,0,0,0,0,0,0,0,0,0,0,0,0
190132,2020-11-18 05:52:01,818,79,0,0,1,0,0,0,0,0,0,0,0,0,0,0,0
190156,2020-11-18 07:00:30,833,76,0,0,1,0,0,0,0,0,0,0,0,0,0,0,0
190158,2020-11-18 07:01:18,895,76,0,0,0,0,0,0,0,0,0,0,0,0,1,0,0
190160,2020-11-18 07:03:15,1121,76,0,0,0,0,0,0,0,0,0,0,0,0,1,0,0
190161,2020-11-18 07:03:25,1142,78,0,0,0,0,0,0,0,0,0,0,0,0,1,0,0
190163,2020-11-18 07:03:35,1163,77,0,0,0,0,0,0,0,0,0,0,0,0,1,0,0
190165,2020-11-18 07:04:24,1269,76,0,0,0,0,0,0,0,0,0,0,0,0,1,0,0
190168,2020-11-18 07:04:34,1290,77,0,0,0,0,0,0,0,0,0,0,0,0,1,0,0
190169,2020-11-18 07:04:44,1311,76,0,0,0,0,0,0,0,0,0,0,0,0,1,0,0
190179,2020-11-18 07:10:30,1980,76,0,0,1,0,0,0,0,0,0,0,0,0,0,0,0
190183,2020-11-18 07:20:05,1994,76,0,0,1,0,0,0,0,0,0,0,0,0,0,0,0
190196,2020-11-18 07:31:25,2032,76,0,0,1,0,0,0,0,0,0,0,0,0,0,0,0
190240,2020-11-18 07:50:34,2064,75,0,0,1,0,0,0,0,0,0,0,0,0,0,0,0
190266,2020-11-18 08:10:05,2098,74,0,0,1,0,0,0,0,0,0,0,0,0,0,0,0
190323,2020-11-18 08:43:03,2159,73,0,0,1,0,0,0,0,0,0,0,0,0,0,0,0
190375,2020-11-18 09:02:18,2189,73,0,1,0,0,0,0,0,0,0,0,0,1,0,0,0
190391,2020-11-18 09:10:52,2211,72,0,0,1,0,0,0,0,0,0,0,0,0,0,0,0
190415,2020-11-18 09:20:13,2314,71,0,0,1,0,0,0,0,0,0,0,0,0,0,0,0
190441,2020-11-18 09:30:06,2332,72,0,0,1,0,0,0,0,0,0,0,0,0,0,0,0
190461,2020-11-18 09:40:08,2366,71,0,0,1,0,0,0,0,0,0,0,0,0,0,0,0
190526,2020-11-18 10:14:33,4530,69,0,0,0,0,0,0,0,0,0,0,0,0,1,0,0
190527,2020-11-18 10:15:03,4557,71,0,0,1,0,0,0,0,0,0,0,0,0,0,0,0
190528,2020-11-18 10:16:50,4700,70,0,0,0,0,0,0,0,0,0,0,0,0,1,0,0
190529,2020-11-18 10:17:00,4710,70,0,0,0,0,0,0,0,0,0,0,0,0,1,0,0
190551,2020-11-18 10:28:37,4724,70,0,0,0,0,1,0,0,0,0,0,0,0,0,0,0
190593,2020-11-18 10:45:04,5193,69,0,0,1,0,0,0,0,0,0,0,0,0,0,0,0
190607,2020-11-18 10:50:07,5239,68,0,0,1,0,0,0,0,0,0,0,0,0,0,0,0
190637,2020-11-18 11:00:05,5269,69,0,0,1,0,0,0,0,0,0,0,0,0,0,0,0
190657,2020-11-18 11:10:07,5277,68,0,0,1,0,0,0,0,0,0,0,0,0,0,0,0
190699,2020-11-18 11:30:11,5477,67,0,0,1,0,0,0,0,0,0,0,0,0,0,0,0
190716,2020-11-18 11:40:06,5548,66,0,0,1,0,0,0,0,0,0,0,0,0,0,0,0
190764,2020-11-18 12:00:06,5663,66,0,0,1,0,0,0,0,0,0,0,0,0,0,0,0
190850,2020-11-18 12:20:08,5818,65,0,0,1,0,0,0,0,0,0,0,0,0,0,0,0
190904,2020-11-18 12:50:10,5978,65,0,0,1,0,0,0,0,0,0,0,0,0,0,0,0
190955,2020-11-18 13:10:11,6199,64,0,0,1,0,0,0,0,0,0,0,0,0,0,0,0
190969,2020-11-18 13:16:47,6634,64,0,0,0,0,0,0,0,0,0,0,0,0,1,0,0
190970,2020-11-18 13:16:56,6654,64,0,0,0,0,0,0,0,0,0,0,0,0,1,0,0
190971,2020-11-18 13:17:06,6671,66,0,0,0,0,0,0,0,0,0,0,0,0,1,0,0
190972,2020-11-18 13:17:17,6691,64,0,0,0,0,0,0,0,0,0,0,0,0,1,0,0
190973,2020-11-18 13:17:27,6710,63,0,0,0,0,0,0,0,0,0,0,0,0,1,0,0
190976,2020-11-18 13:17:48,6749,65,0,0,0,0,0,0,0,0,0,0,0,0,1,0,0
190979,2020-11-18 13:18:09,6780,65,0,0,0,0,0,0,0,0,0,0,0,0,1,0,0
190991,2020-11-18 13:20:39,7041,64,0,0,0,0,0,0,0,0,0,0,0,0,1,0,0
190992,2020-11-18 13:20:48,7060,63,0,0,0,0,0,0,0,0,0,0,0,0,1,0,0
190993,2020-11-18 13:20:58,7079,64,0,0,0,0,0,0,0,0,0,0,0,0,1,0,0
190994,2020-11-18 13:21:08,7098,64,0,0,0,0,0,0,0,0,0,0,0,0,1,0,0
191029,2020-11-18 13:46:44,8890,63,0,0,0,0,1,0,0,0,0,0,0,0,0,0,0
191046,2020-11-18 13:51:02,8897,63,0,0,1,0,0,0,0,0,0,0,0,0,0,0,0
191119,2020-11-18 14:20:37,8906,61,0,1,0,0,0,0,0,0,0,0,0,1,0,0,0
191130,2020-11-18 14:28:55,9052,60,0,1,0,1,0,0,0,0,0,0,0,0,0,0,0
191141,2020-11-18 14:32:24,9162,61,0,0,1,0,0,0,0,0,0,0,0,0,0,0,0
191142,2020-11-18 14:32:26,9166,61,0,0,0,0,1,0,0,0,0,0,0,0,0,0,0
191163,2020-11-18 14:40:40,10131,61,0,0,0,0,0,0,0,0,0,0,0,0,1,0,0
191164,2020-11-18 14:40:50,10145,61,0,0,0,0,0,0,0,0,0,0,0,0,1,0,0
191165,2020-11-18 14:40:59,10163,61,0,0,0,0,0,0,0,0,0,0,0,0,1,0,0
191166,2020-11-18 14:41:09,10175,61,0,0,0,0,0,0,0,0,0,0,0,0,1,0,0
191167,2020-11-18 14:41:48,10187,60,0,0,0,0,0,0,0,0,0,0,0,0,1,0,0
191170,2020-11-18 14:42:27,10194,61,0,0,0,0,0,0,0,0,0,0,0,0,1,0,0
191171,2020-11-18 14:42:29,10187,60,0,0,1,0,0,0,0,0,0,0,0,0,0,0,0
191172,2020-11-18 14:42:38,10194,61,0,0,0,0,0,0,0,0,0,0,0,0,1,0,0
191173,2020-11-18 14:42:47,10211,61,0,0,0,0,0,0,0,0,0,0,0,0,1,0,0
191177,2020-11-18 14:48:11,10230,61,0,0,0,0,0,0,0,0,0,0,0,0,1,0,0
191192,2020-11-18 14:52:56,10243,61,0,0,0,0,0,0,0,0,0,0,0,0,1,0,0
191193,2020-11-18 14:53:26,10290,60,0,0,0,0,0,0,0,0,0,0,0,0,1,0,0
191194,2020-11-18 14:53:36,10301,59,0,0,0,0,0,0,0,0,0,0,0,0,1,0,0
191195,2020-11-18 14:53:46,10325,60,0,0,0,0,0,0,0,0,0,0,0,0,1,0,0
191196,2020-11-18 14:53:55,10343,60,0,0,0,0,0,0,0,0,0,0,0,0,1,0,0
191197,2020-11-18 14:54:06,10363,60,0,0,0,0,0,0,0,0,0,0,0,0,1,0,0
191219,2020-11-18 15:03:16,10842,60,0,0,1,0,0,0,0,0,0,0,0,0,0,0,0
191233,2020-11-18 15:08:07,10946,60,0,0,0,0,1,0,0,0,0,0,0,0,0,0,0
191252,2020-11-18 15:13:22,10978,60,0,0,1,0,0,0,0,0,0,0,0,0,0,0,0
191258,2020-11-18 15:18:37,10985,60,0,0,0,0,0,0,0,0,0,0,0,0,1,0,0
191259,2020-11-18 15:19:07,10994,60,0,0,0,0,0,0,0,0,0,0,0,0,1,0,0
191260,2020-11-18 15:19:17,10999,60,0,0,0,0,0,0,0,0,0,0,0,0,1,0,0
191269,2020-11-18 15:20:56,11018,60,0,0,0,0,0,0,0,0,0,0,0,0,1,0,0
191270,2020-11-18 15:21:04,11027,59,0,0,1,0,0,0,0,0,0,0,0,0,0,0,0
191271,2020-11-18 15:21:05,11038,60,0,0,0,0,0,0,0,0,0,0,0,0,1,0,0
191272,2020-11-18 15:21:15,11061,60,0,0,0,0,0,0,0,0,0,0,0,0,1,0,0
191277,2020-11-18 15:25:28,11473,59,0,0,0,0,1,0,0,0,0,0,0,0,0,0,0
191288,2020-11-18 15:30:07,11649,60,0,0,1,0,0,0,0,0,0,0,0,0,0,0,0
191355,2020-11-18 16:04:09,12010,58,0,0,1,0,0,0,0,0,0,0,0,0,0,0,0
191454,2020-11-18 17:05:00,12018,56,0,1,0,0,0,0,0,0,0,0,0,1,0,0,0
191467,2020-11-18 17:10:10,12084,56,0,0,1,0,0,0,0,0,0,0,0,0,0,0,0
191477,2020-11-18 17:19:56,12186,55,0,1,0,1,0,0,0,0,0,0,0,0,0,0,0
191551,2020-11-18 18:00:06,12346,55,0,0,1,0,0,0,0,0,0,0,0,0,0,0,0
191578,2020-11-18 18:12:29,12360,53,0,0,1,0,0,0,0,0,0,0,0,0,0,0,0
191586,2020-11-18 18:19:50,12368,54,0,1,0,0,0,0,0,0,0,0,0,1,0,0,0
191593,2020-11-18 18:20:17,12376,54,0,0,1,0,0,0,0,0,0,0,0,0,0,0,0
191610,2020-11-18 18:30:06,12436,53,0,0,1,0,0,0,0,0,0,0,0,0,0,0,0
191628,2020-11-18 18:40:06,12465,53,0,0,1,0,0,0,0,0,0,0,0,0,0,0,0
191632,2020-11-18 18:41:08,12485,52,0,1,0,1,0,0,0,0,0,0,0,0,0,0,0
191633,2020-11-18 18:43:32,12496,52,0,1,0,1,0,0,0,0,0,0,0,0,0,0,0
191640,2020-11-18 18:50:06,12504,53,0,0,1,0,0,0,0,0,0,0,0,0,0,0,0
191648,2020-11-18 19:00:06,12597,52,0,0,1,0,0,0,0,0,0,0,0,0,0,0,0
191654,2020-11-18 19:10:05,12619,51,0,0,1,0,0,0,0,0,0,0,0,0,0,0,0
191668,2020-11-18 19:20:05,12653,51,0,0,1,0,0,0,0,0,0,0,0,0,0,0,0
191680,2020-11-18 19:29:20,12820,50,0,1,0,1,0,0,0,0,0,0,0,0,0,0,0
191695,2020-11-18 19:40:06,12851,50,0,0,1,0,0,0,0,0,0,0,0,0,0,0,0
191718,2020-11-18 20:10:13,12858,50,0,0,1,0,0,0,0,0,0,0,0,0,0,0,0
191744,2020-11-18 20:40:07,12896,50,0,0,1,0,0,0,0,0,0,0,0,0,0,0,0
191761,2020-11-18 21:00:09,13205,49,0,0,1,0,0,0,0,0,0,0,0,0,0,0,0
191780,2020-11-18 21:20:06,13257,49,0,0,1,0,0,0,0,0,0,0,0,0,0,0,0
191800,2020-11-18 21:40:06,13304,47,0,0,1,0,0,0,0,0,0,0,0,0,0,0,0
191807,2020-11-18 21:46:14,13322,47,0,0,0,0,1,0,0,0,0,0,0,0,0,0,0
191814,2020-11-18 21:50:05,13347,47,0,0,1,0,0,0,0,0,0,0,0,0,0,0,0
191828,2020-11-18 22:40:07,13359,97,0,0,1,0,0,0,0,0,0,0,0,0,0,0,0
191831,2020-11-18 22:50:07,13368,97,0,0,1,0,0,0,0,0,0,0,0,0,0,0,0
191849,2020-11-19 00:30:06,8,92,0,0,1,0,0,0,0,0,0,0,0,0,0,0,0
191853,2020-11-19 00:46:02,98,90,0,0,0,0,1,0,0,0,0,0,0,0,0,0,0
191855,2020-11-19 00:50:05,107,90,0,0,1,0,0,0,0,0,0,0,0,0,0,0,0
191857,2020-11-19 01:00:08,114,89,0,0,1,0,0,0,0,0,0,0,0,0,0,0,0
191859,2020-11-19 01:10:08,135,89,0,0,1,0,0,0,0,0,0,0,0,0,0,0,0
191862,2020-11-19 01:20:07,145,89,0,0,1,0,0,0,0,0,0,0,0,0,0,0,0
191872,2020-11-19 02:50:04,167,85,0,0,1,0,0,0,0,0,0,0,0,0,0,0,0
191884,2020-11-19 04:20:05,179,81,0,0,1,0,0,0,0,0,0,0,0,0,0,0,0
191907,2020-11-19 05:30:07,186,79,0,0,1,0,0,0,0,0,0,0,0,0,0,0,0
191964,2020-11-19 07:24:07,297,75,0,0,1,0,0,0,0,0,0,0,0,0,0,0,0
191978,2020-11-19 07:35:03,370,74,0,0,1,0,0,0,0,0,0,0,0,0,0,0,0
191989,2020-11-19 07:40:05,406,75,0,0,1,0,0,0,0,0,0,0,0,0,0,0,0
192024,2020-11-19 08:10:10,431,73,0,0,1,0,0,0,0,0,0,0,0,0,0,0,0
192058,2020-11-19 08:41:03,446,72,0,0,1,0,0,0,0,0,0,0,0,0,0,0,0
192074,2020-11-19 08:50:07,469,72,0,0,1,0,0,0,0,0,0,0,0,0,0,0,0
192081,2020-11-19 08:58:08,502,72,0,1,0,1,0,0,0,0,0,0,0,0,0,0,0
192124,2020-11-19 09:20:59,510,70,0,0,1,0,0,0,0,0,0,0,0,0,0,0,0
192125,2020-11-19 09:23:02,517,71,0,1,0,1,0,0,0,0,0,0,0,0,0,0,0
192127,2020-11-19 09:26:57,524,71,0,1,0,1,0,0,0,0,0,0,0,0,0,0,0
192194,2020-11-19 10:20:06,608,68,0,0,1,0,0,0,0,0,0,0,0,0,0,0,0
192205,2020-11-19 10:30:06,667,68,0,0,1,0,0,0,0,0,0,0,0,0,0,0,0
192222,2020-11-19 10:38:29,675,69,0,1,0,0,0,0,0,0,0,0,0,1,0,0,0
192364,2020-11-19 11:40:05,728,66,0,0,1,0,0,0,0,0,0,0,0,0,0,0,0
192384,2020-11-19 11:50:04,802,66,0,0,1,0,0,0,0,0,0,0,0,0,0,0,0
192397,2020-11-19 11:57:18,846,66,0,1,0,0,0,0,0,0,0,0,0,1,0,0,0
192493,2020-11-19 12:40:06,942,64,0,0,1,0,0,0,0,0,0,0,0,0,0,0,0
192508,2020-11-19 12:48:43,950,64,0,1,0,0,0,0,0,0,0,0,0,1,0,0,0
192664,2020-11-19 14:10:07,968,62,0,0,1,0,0,0,0,0,0,0,0,0,0,0,0
192671,2020-11-19 14:19:06,994,61,0,1,0,0,0,0,0,0,0,0,0,1,0,0,0
192689,2020-11-19 14:36:28,1060,60,0,1,0,0,0,0,0,0,0,0,0,1,0,0,0
192717,2020-11-19 14:50:07,1073,60,0,0,1,0,0,0,0,0,0,0,0,0,0,0,0
192750,2020-11-19 15:07:56,1137,60,0,1,0,0,0,0,0,0,0,0,0,1,0,0,0
192766,2020-11-19 15:15:31,1144,59,0,1,0,0,0,0,0,0,0,0,0,1,0,0,0
192778,2020-11-19 15:20:02,1157,59,0,0,1,0,0,0,0,0,0,0,0,0,0,0,0
192822,2020-11-19 15:40:06,1165,59,0,0,1,0,0,0,0,0,0,0,0,0,0,0,0
192858,2020-11-19 15:55:55,1194,57,0,1,0,0,0,0,0,0,0,0,0,1,0,0,0
192895,2020-11-19 16:10:03,1206,57,0,0,1,0,0,0,0,0,0,0,0,0,0,0,0
193030,2020-11-19 17:12:35,1233,55,0,1,0,0,0,0,0,0,0,0,0,1,0,0,0
193033,2020-11-19 17:15:49,1253,55,0,1,0,0,0,0,0,0,0,0,0,1,0,0,0
193053,2020-11-19 17:25:39,1262,55,0,1,0,1,0,0,0,0,0,0,0,0,0,0,0
193058,2020-11-19 17:30:04,1304,54,0,0,1,0,0,0,0,0,0,0,0,0,0,0,0
193090,2020-11-19 17:51:09,1311,54,0,0,1,0,0,0,0,0,0,0,0,0,0,0,0
193102,2020-11-19 18:00:44,1319,53,0,1,0,1,0,0,0,0,0,0,0,0,0,0,0
193115,2020-11-19 18:10:13,1347,53,0,0,1,0,0,0,0,0,0,0,0,0,0,0,0
193119,2020-11-19 18:13:12,1362,53,0,1,0,0,0,0,0,0,0,0,0,1,0,0,0
193153,2020-11-19 18:41:59,1383,53,0,0,1,0,0,0,0,0,0,0,0,0,0,0,0
193175,2020-11-19 19:00:08,1401,51,0,0,1,0,0,0,0,0,0,0,0,0,0,0,0
193193,2020-11-19 19:10:10,1423,52,0,0,1,0,0,0,0,0,0,0,0,0,0,0,0
193217,2020-11-19 19:30:09,1450,51,0,0,1,0,0,0,0,0,0,0,0,0,0,0,0
193223,2020-11-19 19:36:09,1480,50,0,1,0,1,0,0,0,0,0,0,0,0,0,0,0
193233,2020-11-19 19:40:09,1519,50,0,0,1,0,0,0,0,0,0,0,0,0,0,0,0
193261,2020-11-19 20:03:24,1529,50,0,1,0,1,0,0,0,0,0,0,0,0,0,0,0
193262,2020-11-19 20:06:20,1536,50,0,1,0,1,0,0,0,0,0,0,0,0,0,0,0
193268,2020-11-19 20:10:11,1545,50,0,0,1,0,0,0,0,0,0,0,0,0,0,0,0
193279,2020-11-19 20:20:07,1553,49,0,0,1,0,0,0,0,0,0,0,0,0,0,0,0
193287,2020-11-19 20:29:33,1560,49,0,1,0,1,0,0,0,0,0,0,0,0,0,0,0
193297,2020-11-19 20:40:07,1574,49,0,0,1,0,0,0,0,0,0,0,0,0,0,0,0
193318,2020-11-19 21:20:09,1828,49,0,0,1,0,0,0,0,0,0,0,0,0,0,0,0
193352,2020-11-19 22:20:07,1836,72,1,0,1,0,0,0,0,0,0,0,0,0,0,0,0
193372,2020-11-19 23:30:09,1878,75,0,0,1,0,0,0,0,0,0,0,0,0,0,0,0
193377,2020-11-19 23:40:08,1905,75,0,0,1,0,0,0,0,0,0,0,0,0,0,0,0
193385,2020-11-20 00:40:11,7,73,0,0,1,0,0,0,0,0,0,0,0,0,0,0,0
193388,2020-11-20 00:50:08,23,72,0,0,1,0,0,0,0,0,0,0,0,0,0,0,0
193389,2020-11-20 01:00:07,78,73,0,0,1,0,0,0,0,0,0,0,0,0,0,0,0
193405,2020-11-20 02:40:09,86,68,0,0,1,0,0,0,0,0,0,0,0,0,0,0,0
193406,2020-11-20 02:50:06,97,67,0,0,1,0,0,0,0,0,0,0,0,0,0,0,0
193444,2020-11-20 05:10:24,527,64,0,0,1,0,0,0,0,0,0,0,0,0,0,0,0
193447,2020-11-20 05:14:21,753,64,0,0,0,0,0,0,0,0,0,0,0,0,1,0,0
193448,2020-11-20 05:15:00,762,65,0,0,0,0,0,0,0,0,0,0,0,0,1,0,0
193449,2020-11-20 05:17:08,888,63,0,0,0,0,0,0,0,0,0,0,0,0,1,0,0
193450,2020-11-20 05:17:18,900,64,0,0,0,0,0,0,0,0,0,0,0,0,1,0,0
193451,2020-11-20 05:17:28,917,63,0,0,0,0,0,0,0,0,0,0,0,0,1,0,0
193454,2020-11-20 05:20:10,939,64,0,0,1,0,0,0,0,0,0,0,0,0,0,0,0
193467,2020-11-20 05:44:10,953,62,0,0,1,0,0,0,0,0,0,0,0,0,0,0,0
193481,2020-11-20 06:05:28,961,61,0,0,0,0,1,0,0,0,0,0,0,0,0,0,0
193498,2020-11-20 06:49:49,978,60,0,0,0,0,1,0,0,0,0,0,0,0,0,0,0
193503,2020-11-20 06:50:33,999,59,0,0,1,0,0,0,0,0,0,0,0,0,0,0,0
193504,2020-11-20 06:51:24,1064,59,0,0,0,0,0,0,0,0,0,0,0,0,1,0,0
193505,2020-11-20 06:51:43,1085,60,0,0,0,0,0,0,0,0,0,0,0,0,1,0,0
193506,2020-11-20 06:53:21,1288,61,0,0,0,0,0,0,0,0,0,0,0,0,1,0,0
193507,2020-11-20 06:53:32,1297,60,0,0,0,0,0,0,0,0,0,0,0,0,1,0,0
193508,2020-11-20 06:53:41,1324,59,0,0,0,0,0,0,0,0,0,0,0,0,1,0,0
193509,2020-11-20 06:54:41,1452,60,0,0,0,0,0,0,0,0,0,0,0,0,1,0,0
193510,2020-11-20 06:54:51,1474,60,0,0,0,0,0,0,0,0,0,0,0,0,1,0,0
193511,2020-11-20 06:55:00,1495,60,0,0,0,0,0,0,0,0,0,0,0,0,1,0,0
193529,2020-11-20 07:10:43,2265,61,0,0,1,0,0,0,0,0,0,0,0,0,0,0,0
193532,2020-11-20 07:17:16,2353,58,0,1,0,1,0,0,0,0,0,0,0,0,0,0,0
193570,2020-11-20 07:40:09,2361,58,0,0,1,0,0,0,0,0,0,0,0,0,0,0,0
193643,2020-11-20 08:30:23,2478,56,0,0,1,0,0,0,0,0,0,0,0,0,0,0,0
193670,2020-11-20 08:53:33,2518,56,0,0,1,0,0,0,0,0,0,0,0,0,0,0,0
193680,2020-11-20 09:00:11,2560,56,0,0,1,0,0,0,0,0,0,0,0,0,0,0,0
193694,2020-11-20 09:10:07,2641,55,0,0,1,0,0,0,0,0,0,0,0,0,0,0,0
193724,2020-11-20 09:30:09,2664,55,0,0,1,0,0,0,0,0,0,0,0,0,0,0,0
193748,2020-11-20 09:45:42,2681,53,0,0,0,0,1,0,0,0,0,0,0,0,0,0,0
193766,2020-11-20 09:52:04,2760,54,0,0,1,0,0,0,0,0,0,0,0,0,0,0,0
193786,2020-11-20 10:02:06,3678,53,0,0,1,0,0,0,0,0,0,0,0,0,0,0,0
193809,2020-11-20 10:12:17,4686,54,0,0,0,0,0,0,0,0,0,0,0,0,1,0,0
193810,2020-11-20 10:12:27,4698,54,0,0,0,0,0,0,0,0,0,0,0,0,1,0,0
193812,2020-11-20 10:12:36,4712,53,0,0,0,0,0,0,0,0,0,0,0,0,1,0,0
193818,2020-11-20 10:15:18,4908,53,0,0,0,0,0,0,0,0,0,0,0,0,1,0,0
193819,2020-11-20 10:15:25,4916,54,0,0,0,0,0,0,0,0,0,0,0,0,1,0,0
193820,2020-11-20 10:15:35,4927,54,0,0,0,0,0,0,0,0,0,0,0,0,1,0,0
193821,2020-11-20 10:15:44,4941,54,0,0,0,0,0,0,0,0,0,0,0,0,1,0,0
193822,2020-11-20 10:15:54,4955,54,0,0,0,0,0,0,0,0,0,0,0,0,1,0,0
193823,2020-11-20 10:16:43,5018,54,0,0,0,0,0,0,0,0,0,0,0,0,1,0,0
193856,2020-11-20 10:25:21,5030,53,0,0,0,0,1,0,0,0,0,0,0,0,0,0,0
193878,2020-11-20 10:34:47,5285,52,0,0,0,0,1,0,0,0,0,0,0,0,0,0,0
193899,2020-11-20 10:44:04,5428,53,0,0,1,0,0,0,0,0,0,0,0,0,0,0,0
194000,2020-11-20 11:20:13,5578,51,0,0,1,0,0,0,0,0,0,0,0,0,0,0,0
194039,2020-11-20 11:40:14,5798,51,0,0,1,0,0,0,0,0,0,0,0,0,0,0,0
194494,2020-11-20 14:00:09,6238,47,0,0,1,0,0,0,0,0,0,0,0,0,0,0,0
194509,2020-11-20 14:05:52,6598,47,0,0,0,0,0,0,0,0,0,0,0,0,1,0,0
194510,2020-11-20 14:06:01,6617,47,0,0,0,0,0,0,0,0,0,0,0,0,1,0,0
194511,2020-11-20 14:06:10,6637,47,0,0,0,0,0,0,0,0,0,0,0,0,1,0,0
194513,2020-11-20 14:06:20,6657,47,0,0,0,0,0,0,0,0,0,0,0,0,1,0,0
194514,2020-11-20 14:06:30,6677,47,0,0,0,0,0,0,0,0,0,0,0,0,1,0,0
194515,2020-11-20 14:06:40,6696,46,0,0,0,0,0,0,0,0,0,0,0,0,1,0,0
194516,2020-11-20 14:06:50,6715,46,0,0,0,0,0,0,0,0,0,0,0,0,1,0,0
194517,2020-11-20 14:07:00,6728,46,0,0,0,0,0,0,0,0,0,0,0,0,1,0,0
194518,2020-11-20 14:07:10,6747,47,0,0,0,0,0,0,0,0,0,0,0,0,1,0,0
194521,2020-11-20 14:08:18,6882,48,0,0,0,0,0,0,0,0,0,0,0,0,1,0,0
194523,2020-11-20 14:08:28,6901,47,0,0,0,0,0,0,0,0,0,0,0,0,1,0,0
194524,2020-11-20 14:08:38,6920,47,0,0,0,0,0,0,0,0,0,0,0,0,1,0,0
194525,2020-11-20 14:08:48,6940,46,0,0,0,0,0,0,0,0,0,0,0,0,1,0,0
194526,2020-11-20 14:08:58,6959,46,0,0,0,0,0,0,0,0,0,0,0,0,1,0,0
194527,2020-11-20 14:09:08,6978,45,0,0,0,0,0,0,0,0,0,0,0,0,1,0,0
194529,2020-11-20 14:09:18,6997,45,0,0,0,0,0,0,0,0,0,0,0,0,1,0,0
194542,2020-11-20 14:10:23,7114,46,0,0,1,0,0,0,0,0,0,0,0,0,0,0,0
194566,2020-11-20 14:20:30,7971,46,0,0,1,0,0,0,0,0,0,0,0,0,0,0,0
194623,2020-11-20 14:44:21,8803,45,0,0,0,0,1,0,0,0,0,0,0,0,0,0,0
194699,2020-11-20 15:14:28,8822,44,0,0,1,0,0,0,0,0,0,0,0,0,0,0,0
194754,2020-11-20 15:42:30,8839,43,0,0,0,0,1,0,0,0,0,0,0,0,0,0,0
194762,2020-11-20 15:50:06,8880,43,0,0,1,0,0,0,0,0,0,0,0,0,0,0,0
194839,2020-11-20 16:30:10,8887,41,0,0,1,0,0,0,0,0,0,0,0,0,0,0,0
194893,2020-11-20 16:52:02,8907,40,0,0,1,0,0,0,0,0,0,0,0,0,0,0,0
194949,2020-11-20 17:20:07,8914,40,0,0,1,0,0,0,0,0,0,0,0,0,0,0,0
194967,2020-11-20 17:30:09,8935,39,0,0,1,0,0,0,0,0,0,0,0,0,0,0,0
194981,2020-11-20 17:40:07,9034,40,0,0,1,0,0,0,0,0,0,0,0,0,0,0,0
195016,2020-11-20 18:00:10,9059,39,0,0,1,0,0,0,0,0,0,0,0,0,0,0,0
195052,2020-11-20 18:20:08,9155,38,0,0,1,0,0,0,0,0,0,0,0,0,0,0,0
195056,2020-11-20 18:22:04,9216,38,0,0,0,0,1,0,0,0,0,0,0,0,0,0,0
195070,2020-11-20 18:30:14,9223,37,0,0,1,0,0,0,0,0,0,0,0,0,0,0,0
195078,2020-11-20 18:40:08,9251,37,0,0,1,0,0,0,0,0,0,0,0,0,0,0,0
195090,2020-11-20 18:50:07,9291,37,0,0,1,0,0,0,0,0,0,0,0,0,0,0,0
195120,2020-11-20 19:10:06,9298,37,0,0,1,0,0,0,0,0,0,0,0,0,0,0,0
195131,2020-11-20 19:20:07,9305,37,0,0,1,0,0,0,0,0,0,0,0,0,0,0,0
195150,2020-11-20 19:30:07,9326,35,0,0,1,0,0,0,0,0,0,0,0,0,0,0,0
195162,2020-11-20 19:40:08,9377,35,0,0,1,0,0,0,0,0,0,0,0,0,0,0,0
195170,2020-11-20 19:50:08,9422,36,0,0,1,0,0,0,0,0,0,0,0,0,0,0,0
195185,2020-11-20 20:04:20,9436,35,0,1,0,1,0,0,0,0,0,0,0,0,0,0,0
195198,2020-11-20 20:14:16,9450,35,0,0,1,0,0,0,0,0,0,0,0,0,0,0,0
195250,2020-11-20 21:20:08,9463,33,0,0,1,0,0,0,0,0,0,0,0,0,0,0,0
195270,2020-11-20 21:51:57,9520,33,0,0,1,0,0,0,0,0,0,0,0,0,0,0,0
195282,2020-11-20 22:14:03,9566,48,1,0,1,0,0,0,0,0,0,0,0,0,0,0,0
195298,2020-11-20 23:00:07,9635,80,0,0,1,0,0,0,0,0,0,0,0,0,0,0,0
195301,2020-11-20 23:10:07,9689,80,0,0,1,0,0,0,0,0,0,0,0,0,0,0,0
195307,2020-11-20 23:30:09,9740,80,0,0,1,0,0,0,0,0,0,0,0,0,0,0,0
195312,2020-11-21 00:50:09,9,74,0,0,1,0,0,0,0,0,0,0,0,0,0,0,0
195314,2020-11-21 01:00:07,100,74,0,0,1,0,0,0,0,0,0,0,0,0,0,0,0
195319,2020-11-21 01:30:07,107,74,0,0,1,0,0,0,0,0,0,0,0,0,0,0,0
195320,2020-11-21 01:40:07,147,73,0,0,1,0,0,0,0,0,0,0,0,0,0,0,0
195324,2020-11-21 03:00:07,154,70,0,0,1,0,0,0,0,0,0,0,0,0,0,0,0
195327,2020-11-21 03:50:06,161,69,0,0,1,0,0,0,0,0,0,0,0,0,0,0,0
195333,2020-11-21 05:00:07,168,66,0,0,1,0,0,0,0,0,0,0,0,0,0,0,0
195367,2020-11-21 06:50:06,177,63,0,0,1,0,0,0,0,0,0,0,0,0,0,0,0
195383,2020-11-21 07:20:06,184,62,0,0,1,0,0,0,0,0,0,0,0,0,0,0,0
195425,2020-11-21 08:20:26,510,58,0,0,1,0,0,0,0,0,0,0,0,0,0,0,0
195443,2020-11-21 08:40:07,519,58,0,0,1,0,0,0,0,0,0,0,0,0,0,0,0
195478,2020-11-21 09:15:03,639,58,0,0,1,0,0,0,0,0,0,0,0,0,0,0,0
195484,2020-11-21 09:20:08,646,58,0,0,1,0,0,0,0,0,0,0,0,0,0,0,0
195487,2020-11-21 09:21:42,653,58,0,1,0,1,0,0,0,0,0,0,0,0,0,0,0
195495,2020-11-21 09:29:12,660,56,0,1,0,1,0,0,0,0,0,0,0,0,0,0,0
195665,2020-11-21 10:50:07,687,54,0,0,1,0,0,0,0,0,0,0,0,0,0,0,0
195709,2020-11-21 11:11:09,790,53,0,0,1,0,0,0,0,0,0,0,0,0,0,0,0
195744,2020-11-21 11:30:07,810,51,0,0,1,0,0,0,0,0,0,0,0,0,0,0,0
195842,2020-11-21 12:10:08,818,51,0,0,1,0,0,0,0,0,0,0,0,0,0,0,0
195870,2020-11-21 12:20:06,839,51,0,0,1,0,0,0,0,0,0,0,0,0,0,0,0
196004,2020-11-21 13:20:07,1126,50,0,0,1,0,0,0,0,0,0,0,0,0,0,0,0
196028,2020-11-21 13:30:08,1328,50,0,0,1,0,0,0,0,0,0,0,0,0,0,0,0
196032,2020-11-21 13:31:48,1381,50,0,0,0,0,0,0,0,0,0,0,0,0,1,0,0
196033,2020-11-21 13:31:58,1383,49,0,0,0,0,0,0,0,0,0,0,0,0,1,0,0
196034,2020-11-21 13:32:08,1390,50,0,0,0,0,0,0,0,0,0,0,0,0,1,0,0
196035,2020-11-21 13:32:18,1399,49,0,0,0,0,0,0,0,0,0,0,0,0,1,0,0
196036,2020-11-21 13:32:27,1406,50,0,0,0,0,0,0,0,0,0,0,0,0,1,0,0
196037,2020-11-21 13:32:36,1408,50,0,0,0,0,0,0,0,0,0,0,0,0,1,0,0
196042,2020-11-21 13:35:08,1511,50,0,0,0,0,0,0,0,0,0,0,0,0,1,0,0
196043,2020-11-21 13:35:18,1520,50,0,0,0,0,0,0,0,0,0,0,0,0,1,0,0
196044,2020-11-21 13:35:27,1537,50,0,0,0,0,0,0,0,0,0,0,0,0,1,0,0
196045,2020-11-21 13:35:37,1547,50,0,0,0,0,0,0,0,0,0,0,0,0,1,0,0
196046,2020-11-21 13:35:56,1555,50,0,0,0,0,0,0,0,0,0,0,0,0,1,0,0
196054,2020-11-21 13:40:06,1779,50,0,0,1,0,0,0,0,0,0,0,0,0,0,0,0
196076,2020-11-21 13:50:09,1907,49,0,0,1,0,0,0,0,0,0,0,0,0,0,0,0
196086,2020-11-21 13:56:37,2012,49,0,1,0,1,0,0,0,0,0,0,0,0,0,0,0
196090,2020-11-21 14:00:07,2020,49,0,0,1,0,0,0,0,0,0,0,0,0,0,0,0
196095,2020-11-21 14:01:18,2030,48,0,1,0,1,0,0,0,0,0,0,0,0,0,0,0
196161,2020-11-21 14:30:06,2037,48,0,0,1,0,0,0,0,0,0,0,0,0,0,0,0
196192,2020-11-21 14:40:07,2049,48,0,0,1,0,0,0,0,0,0,0,0,0,0,0,0
196216,2020-11-21 14:50:07,2067,47,0,0,1,0,0,0,0,0,0,0,0,0,0,0,0
196275,2020-11-21 15:20:06,2306,46,0,0,1,0,0,0,0,0,0,0,0,0,0,0,0
196307,2020-11-21 15:30:06,2323,46,0,0,1,0,0,0,0,0,0,0,0,0,0,0,0
196328,2020-11-21 15:41:12,2334,47,0,0,1,0,0,0,0,0,0,0,0,0,0,0,0
196498,2020-11-21 16:40:07,2348,43,0,0,1,0,0,0,0,0,0,0,0,0,0,0,0
196637,2020-11-21 17:50:08,2355,41,0,0,1,0,0,0,0,0,0,0,0,0,0,0,0
196707,2020-11-21 18:20:04,2379,39,0,0,0,0,0,0,0,0,0,0,0,0,0,1,0
196760,2020-11-21 18:50:07,2467,39,0,0,1,0,0,0,0,0,0,0,0,0,0,0,0
196804,2020-11-21 19:20:06,2491,38,0,0,1,0,0,0,0,0,0,0,0,0,0,0,0
196856,2020-11-21 20:10:06,2500,37,0,0,1,0,0,0,0,0,0,0,0,0,0,0,0
196878,2020-11-21 20:40:09,2545,36,0,0,1,0,0,0,0,0,0,0,0,0,0,0,0
196901,2020-11-21 21:10:08,2561,35,0,0,1,0,0,0,0,0,0,0,0,0,0,0,0
196917,2020-11-21 21:40:07,2634,34,0,0,1,0,0,0,0,0,0,0,0,0,0,0,0
196931,2020-11-21 22:03:27,2681,34,0,0,0,0,1,0,0,0,0,0,0,0,0,0,0
196964,2020-11-21 23:30:07,2702,99,0,0,1,0,0,0,0,0,0,0,0,0,0,0,0
196968,2020-11-21 23:40:06,2778,99,0,0,1,0,0,0,0,0,0,0,0,0,0,0,0
196971,2020-11-21 23:50:07,2797,99,0,0,1,0,0,0,0,0,0,0,0,0,0,0,0
196973,2020-11-22 00:10:08,24,98,0,0,1,0,0,0,0,0,0,0,0,0,0,0,0
196977,2020-11-22 00:20:06,61,98,0,0,1,0,0,0,0,0,0,0,0,0,0,0,0
196982,2020-11-22 00:40:08,68,97,0,0,1,0,0,0,0,0,0,0,0,0,0,0,0
196984,2020-11-22 00:50:08,78,96,0,0,1,0,0,0,0,0,0,0,0,0,0,0,0
196987,2020-11-22 01:30:06,121,95,0,0,1,0,0,0,0,0,0,0,0,0,0,0,0
196990,2020-11-22 02:30:06,145,93,0,0,1,0,0,0,0,0,0,0,0,0,0,0,0
197001,2020-11-22 03:50:01,165,88,0,0,0,0,1,0,0,0,0,0,0,0,0,0,0
197004,2020-11-22 04:00:05,181,88,0,0,1,0,0,0,0,0,0,0,0,0,0,0,0
197036,2020-11-22 06:44:15,195,82,0,0,0,0,1,0,0,0,0,0,0,0,0,0,0
197044,2020-11-22 06:50:07,223,83,0,0,1,0,0,0,0,0,0,0,0,0,0,0,0
197085,2020-11-22 07:50:07,363,81,0,0,1,0,0,0,0,0,0,0,0,0,0,0,0
197115,2020-11-22 08:10:08,370,79,0,0,1,0,0,0,0,0,0,0,0,0,0,0,0
197121,2020-11-22 08:16:57,536,79,0,1,0,1,0,0,0,0,0,0,0,0,0,0,0
197127,2020-11-22 08:20:09,591,80,0,0,1,0,0,0,0,0,0,0,0,0,0,0,0
197131,2020-11-22 08:29:32,647,77,0,0,0,0,1,0,0,0,0,0,0,0,0,0,0
197145,2020-11-22 08:40:07,739,78,0,0,1,0,0,0,0,0,0,0,0,0,0,0,0
197155,2020-11-22 08:50:06,766,78,0,0,1,0,0,0,0,0,0,0,0,0,0,0,0
197161,2020-11-22 08:55:08,809,78,0,1,0,1,0,0,0,0,0,0,0,0,0,0,0
197168,2020-11-22 09:00:08,1106,77,0,0,1,0,0,0,0,0,0,0,0,0,0,0,0
197174,2020-11-22 09:06:39,1652,78,0,0,0,0,0,0,0,0,0,0,0,0,1,0,0
197175,2020-11-22 09:06:49,1673,78,0,0,0,0,0,0,0,0,0,0,0,0,1,0,0
197178,2020-11-22 09:07:47,1778,79,0,0,0,0,0,0,0,0,0,0,0,0,1,0,0
197179,2020-11-22 09:07:57,1795,77,0,0,0,0,0,0,0,0,0,0,0,0,1,0,0
197180,2020-11-22 09:08:06,1812,78,0,0,0,0,0,0,0,0,0,0,0,0,1,0,0
197181,2020-11-22 09:08:16,1829,78,0,0,0,0,0,0,0,0,0,0,0,0,1,0,0
197185,2020-11-22 09:10:06,1940,78,0,0,1,0,0,0,0,0,0,0,0,0,0,0,0
197193,2020-11-22 09:12:43,1962,77,0,0,0,0,0,0,0,0,0,0,0,0,1,0,0
197194,2020-11-22 09:13:02,1963,78,0,0,0,0,0,0,0,0,0,0,0,0,1,0,0
197225,2020-11-22 09:30:07,2025,76,0,0,1,0,0,0,0,0,0,0,0,0,0,0,0
197312,2020-11-22 10:30:12,2041,74,0,0,1,0,0,0,0,0,0,0,0,0,0,0,0
197347,2020-11-22 10:47:58,2125,74,0,0,0,0,0,0,0,0,0,0,0,0,1,0,0
197352,2020-11-22 10:50:08,2284,73,0,0,1,0,0,0,0,0,0,0,0,0,0,0,0
197355,2020-11-22 10:50:56,2393,75,0,0,0,0,0,0,0,0,0,0,0,0,1,0,0
197357,2020-11-22 10:51:07,2418,74,0,0,0,0,0,0,0,0,0,0,0,0,1,0,0
197360,2020-11-22 10:51:16,2439,74,0,0,0,0,0,0,0,0,0,0,0,0,1,0,0
197362,2020-11-22 10:52:15,2565,74,0,0,0,0,0,0,0,0,0,0,0,0,1,0,0
197363,2020-11-22 10:52:23,2587,73,0,0,0,0,0,0,0,0,0,0,0,0,1,0,0
197373,2020-11-22 11:00:08,3293,74,0,0,1,0,0,0,0,0,0,0,0,0,0,0,0
197402,2020-11-22 11:19:56,3310,72,0,0,0,0,1,0,0,0,0,0,0,0,0,0,0
197422,2020-11-22 11:30:08,3389,72,0,0,1,0,0,0,0,0,0,0,0,0,0,0,0
197434,2020-11-22 11:40:06,3398,72,0,0,1,0,0,0,0,0,0,0,0,0,0,0,0
197481,2020-11-22 12:06:20,3420,70,0,0,0,0,0,0,0,0,0,0,0,0,1,0,0
197502,2020-11-22 12:20:07,3452,70,0,0,1,0,0,0,0,0,0,0,0,0,0,0,0
197521,2020-11-22 12:30:06,3464,69,0,0,1,0,0,0,0,0,0,0,0,0,0,0,0
197535,2020-11-22 12:40:05,3512,70,0,0,1,0,0,0,0,0,0,0,0,0,0,0,0
197557,2020-11-22 12:50:07,3524,68,0,0,1,0,0,0,0,0,0,0,0,0,0,0,0
197594,2020-11-22 13:10:06,3535,68,0,0,1,0,0,0,0,0,0,0,0,0,0,0,0
197631,2020-11-22 13:30:07,3549,67,0,0,1,0,0,0,0,0,0,0,0,0,0,0,0
197639,2020-11-22 13:33:21,3560,67,0,1,0,1,0,0,0,0,0,0,0,0,0,0,0
197652,2020-11-22 13:40:05,3569,67,0,0,1,0,0,0,0,0,0,0,0,0,0,0,0
197694,2020-11-22 14:07:03,3621,66,0,0,0,0,1,0,0,0,0,0,0,0,0,0,0
197726,2020-11-22 14:20:06,3646,66,0,0,1,0,0,0,0,0,0,0,0,0,0,0,0
197739,2020-11-22 14:26:07,4044,66,0,0,0,0,0,0,0,0,0,0,0,0,1,0,0
197743,2020-11-22 14:27:56,4062,66,0,0,0,0,0,0,0,0,0,0,0,0,1,0,0
197744,2020-11-22 14:28:05,4084,66,0,0,0,0,0,0,0,0,0,0,0,0,1,0,0
197745,2020-11-22 14:28:16,4105,66,0,0,0,0,0,0,0,0,0,0,0,0,1,0,0
197746,2020-11-22 14:28:25,4127,66,0,0,0,0,0,0,0,0,0,0,0,0,1,0,0
197762,2020-11-22 14:30:18,4297,66,0,0,1,0,0,0,0,0,0,0,0,0,0,0,0
197783,2020-11-22 14:40:08,4474,66,0,0,1,0,0,0,0,0,0,0,0,0,0,0,0
197809,2020-11-22 14:50:08,4504,65,0,0,1,0,0,0,0,0,0,0,0,0,0,0,0
197899,2020-11-22 15:20:07,4521,65,0,0,1,0,0,0,0,0,0,0,0,0,0,0,0
197931,2020-11-22 15:30:05,4537,63,0,0,1,0,0,0,0,0,0,0,0,0,0,0,0
197974,2020-11-22 15:50:06,4544,64,0,0,1,0,0,0,0,0,0,0,0,0,0,0,0
198034,2020-11-22 16:30:06,4551,61,0,0,1,0,0,0,0,0,0,0,0,0,0,0,0
198084,2020-11-22 17:11:39,4598,60,0,0,0,0,0,0,0,0,0,0,0,0,1,0,0
198096,2020-11-22 17:20:12,4616,61,0,0,1,0,0,0,0,0,0,0,0,0,0,0,0
198110,2020-11-22 17:30:13,4623,61,0,0,1,0,0,0,0,0,0,0,0,0,0,0,0
198125,2020-11-22 17:40:07,4632,60,0,0,1,0,0,0,0,0,0,0,0,0,0,0,0
198145,2020-11-22 17:50:12,4683,60,0,0,1,0,0,0,0,0,0,0,0,0,0,0,0
198163,2020-11-22 18:00:13,4761,60,0,0,1,0,0,0,0,0,0,0,0,0,0,0,0
198180,2020-11-22 18:10:14,4772,59,0,0,1,0,0,0,0,0,0,0,0,0,0,0,0
198207,2020-11-22 18:20:07,4910,58,0,0,1,0,0,0,0,0,0,0,0,0,0,0,0
198225,2020-11-22 18:30:07,5006,58,0,0,1,0,0,0,0,0,0,0,0,0,0,0,0
198235,2020-11-22 18:40:05,5050,59,0,0,1,0,0,0,0,0,0,0,0,0,0,0,0
198239,2020-11-22 18:41:05,5078,57,0,0,0,0,0,0,0,0,0,0,0,0,1,0,0
198246,2020-11-22 18:50:07,5110,57,0,0,1,0,0,0,0,0,0,0,0,0,0,0,0
198268,2020-11-22 19:07:02,5126,56,0,1,0,1,0,0,0,0,0,0,0,0,0,0,0
198273,2020-11-22 19:10:06,5133,57,0,0,1,0,0,0,0,0,0,0,0,0,0,0,0
198279,2020-11-22 19:15:21,5150,56,0,1,0,1,0,0,0,0,0,0,0,0,0,0,0
198288,2020-11-22 19:20:12,5159,56,0,0,1,0,0,0,0,0,0,0,0,0,0,0,0
198334,2020-11-22 19:50:10,5185,55,0,0,1,0,0,0,0,0,0,0,0,0,0,0,0
198356,2020-11-22 20:10:12,5199,54,0,0,1,0,0,0,0,0,0,0,0,0,0,0,0
198384,2020-11-22 20:40:06,5244,54,0,0,1,0,0,0,0,0,0,0,0,0,0,0,0
198390,2020-11-22 20:50:06,5252,52,0,0,1,0,0,0,0,0,0,0,0,0,0,0,0
198426,2020-11-22 21:45:44,5267,51,0,0,0,0,1,0,0,0,0,0,0,0,0,0,0
198437,2020-11-22 22:00:07,5365,72,1,0,1,0,0,0,0,0,0,0,0,0,0,0,0
198453,2020-11-22 22:40:06,5411,96,0,0,1,0,0,0,0,0,0,0,0,0,0,0,0
198461,2020-11-22 23:00:06,5418,94,0,0,1,0,0,0,0,0,0,0,0,0,0,0,0
198466,2020-11-22 23:10:07,5431,94,0,0,1,0,0,0,0,0,0,0,0,0,0,0,0
198470,2020-11-22 23:20:06,5442,93,0,0,1,0,0,0,0,0,0,0,0,0,0,0,0
198474,2020-11-22 23:31:57,5450,92,0,0,1,0,0,0,0,0,0,0,0,0,0,0,0
198481,2020-11-23 00:20:05,7,90,0,0,1,0,0,0,0,0,0,0,0,0,0,0,0
198485,2020-11-23 00:48:23,20,88,0,0,0,0,1,0,0,0,0,0,0,0,0,0,0
198504,2020-11-23 03:04:45,29,83,0,0,0,0,1,0,0,0,0,0,0,0,0,0,0
198508,2020-11-23 03:30:07,37,82,0,0,1,0,0,0,0,0,0,0,0,0,0,0,0
198511,2020-11-23 03:50:05,48,81,0,0,1,0,0,0,0,0,0,0,0,0,0,0,0
198517,2020-11-23 04:40:07,101,80,0,0,1,0,0,0,0,0,0,0,0,0,0,0,0
198522,2020-11-23 05:17:25,670,79,0,0,0,0,0,0,0,0,0,0,0,0,1,0,0
198523,2020-11-23 05:18:04,677,78,0,0,0,0,0,0,0,0,0,0,0,0,1,0,0
198524,2020-11-23 05:19:43,741,79,0,0,0,0,0,0,0,0,0,0,0,0,1,0,0
198525,2020-11-23 05:19:52,753,79,0,0,0,0,0,0,0,0,0,0,0,0,1,0,0
198528,2020-11-23 05:20:06,768,79,0,0,1,0,0,0,0,0,0,0,0,0,0,0,0
198548,2020-11-23 06:34:32,794,75,0,0,0,0,1,0,0,0,0,0,0,0,0,0,0
198557,2020-11-23 06:43:54,849,75,0,0,1,0,0,0,0,0,0,0,0,0,0,0,0
198558,2020-11-23 06:44:57,905,75,0,0,0,0,0,0,0,0,0,0,0,0,1,0,0
198559,2020-11-23 06:45:06,921,75,0,0,0,0,0,0,0,0,0,0,0,0,1,0,0
198562,2020-11-23 06:46:54,1140,75,0,0,0,0,0,0,0,0,0,0,0,0,1,0,0
198563,2020-11-23 06:47:04,1161,75,0,0,0,0,0,0,0,0,0,0,0,0,1,0,0
198564,2020-11-23 06:47:14,1180,75,0,0,0,0,0,0,0,0,0,0,0,0,1,0,0
198566,2020-11-23 06:48:13,1306,75,0,0,0,0,0,0,0,0,0,0,0,0,1,0,0
198567,2020-11-23 06:48:23,1328,75,0,0,0,0,0,0,0,0,0,0,0,0,1,0,0
198568,2020-11-23 06:48:32,1351,75,0,0,0,0,0,0,0,0,0,0,0,0,1,0,0
198573,2020-11-23 06:52:31,1718,75,0,0,1,0,0,0,0,0,0,0,0,0,0,0,0
198589,2020-11-23 07:11:51,2163,74,0,0,1,0,0,0,0,0,0,0,0,0,0,0,0
198598,2020-11-23 07:20:06,2171,75,0,0,1,0,0,0,0,0,0,0,0,0,0,0,0
198635,2020-11-23 07:50:07,2220,73,0,0,1,0,0,0,0,0,0,0,0,0,0,0,0
198668,2020-11-23 08:10:32,2227,71,0,0,1,0,0,0,0,0,0,0,0,0,0,0,0
198731,2020-11-23 09:00:07,2245,70,0,0,1,0,0,0,0,0,0,0,0,0,0,0,0
198812,2020-11-23 09:38:32,2296,69,0,0,0,0,0,0,0,0,0,0,0,0,1,0,0
198846,2020-11-23 09:52:05,2351,69,0,0,1,0,0,0,0,0,0,0,0,0,0,0,0
198928,2020-11-23 10:22:14,2550,68,0,0,1,0,0,0,0,0,0,0,0,0,0,0,0
198966,2020-11-23 10:42:58,4369,67,0,0,1,0,0,0,0,0,0,0,0,0,0,0,0
198983,2020-11-23 10:52:03,5309,66,0,0,1,0,0,0,0,0,0,0,0,0,0,0,0
198991,2020-11-23 10:57:33,5942,66,0,0,0,0,1,0,0,0,0,0,0,0,0,0,0
199027,2020-11-23 11:17:06,8211,66,0,0,0,0,0,0,0,0,0,0,0,0,1,0,0
199044,2020-11-23 11:20:08,8571,66,0,0,1,0,0,0,0,0,0,0,0,0,0,0,0
199070,2020-11-23 11:30:07,9747,66,0,0,1,0,0,0,0,0,0,0,0,0,0,0,0
199097,2020-11-23 11:42:16,10248,66,0,0,1,0,0,0,0,0,0,0,0,0,0,0,0
199118,2020-11-23 11:51:03,10267,66,0,0,1,0,0,0,0,0,0,0,0,0,0,0,0
199150,2020-11-23 12:04:06,11134,65,0,0,1,0,0,0,0,0,0,0,0,0,0,0,0
199152,2020-11-23 12:04:58,11203,66,0,0,0,0,0,0,0,0,0,0,0,0,1,0,0
199153,2020-11-23 12:05:08,11216,65,0,0,0,0,0,0,0,0,0,0,0,0,1,0,0
199154,2020-11-23 12:05:28,11249,65,0,0,0,0,0,0,0,0,0,0,0,0,1,0,0
199155,2020-11-23 12:05:38,11266,65,0,0,0,0,0,0,0,0,0,0,0,0,1,0,0
199156,2020-11-23 12:06:18,11297,64,0,0,0,0,0,0,0,0,0,0,0,0,1,0,0
199157,2020-11-23 12:06:39,11306,66,0,0,0,0,0,0,0,0,0,0,0,0,1,0,0
199181,2020-11-23 12:13:19,11320,65,0,0,0,0,0,0,0,0,0,0,0,0,1,0,0
199182,2020-11-23 12:13:29,11338,65,0,0,0,0,0,0,0,0,0,0,0,0,1,0,0
199183,2020-11-23 12:13:59,11391,65,0,0,0,0,0,0,0,0,0,0,0,0,1,0,0
199184,2020-11-23 12:14:09,11409,64,0,0,0,0,0,0,0,0,0,0,0,0,1,0,0
199185,2020-11-23 12:14:19,11426,64,0,0,0,0,0,0,0,0,0,0,0,0,1,0,0
199186,2020-11-23 12:14:29,11440,64,0,0,0,0,0,0,0,0,0,0,0,0,1,0,0
199187,2020-11-23 12:14:48,11460,65,0,0,0,0,0,0,0,0,0,0,0,0,1,0,0
199188,2020-11-23 12:14:58,11479,64,0,0,0,0,0,0,0,0,0,0,0,0,1,0,0
199189,2020-11-23 12:15:09,11498,65,0,0,0,0,0,0,0,0,0,0,0,0,1,0,0
199191,2020-11-23 12:15:19,11517,65,0,0,0,0,0,0,0,0,0,0,0,0,1,0,0
199193,2020-11-23 12:15:29,11538,64,0,0,0,0,0,0,0,0,0,0,0,0,1,0,0
199195,2020-11-23 12:15:38,11558,65,0,0,0,0,0,0,0,0,0,0,0,0,1,0,0
199196,2020-11-23 12:15:48,11579,64,0,0,0,0,0,0,0,0,0,0,0,0,1,0,0
199218,2020-11-23 12:26:56,12526,64,0,1,0,1,0,0,0,0,0,0,0,0,0,0,0
199259,2020-11-23 12:40:08,12568,64,0,0,0,0,1,0,0,0,0,0,0,0,0,0,0
217208,2020-12-04 11:03:24,2722,66,0,0,0,0,0,0,0,0,0,0,0,0,1,0,0
217417,2020-12-04 12:00:09,2730,64,0,0,1,0,0,0,0,0,0,0,0,0,0,0,0
217452,2020-12-04 12:10:09,2808,64,0,0,1,0,0,0,0,0,0,0,0,0,0,0,0
217481,2020-12-04 12:20:09,2815,64,0,0,1,0,0,0,0,0,0,0,0,0,0,0,0
217504,2020-12-04 12:30:09,2866,63,0,0,1,0,0,0,0,0,0,0,0,0,0,0,0
217540,2020-12-04 12:40:10,3139,63,0,0,1,0,0,0,0,0,0,0,0,0,0,0,0
217587,2020-12-04 12:50:35,3148,63,0,0,0,0,0,0,0,0,0,0,0,0,1,0,0
217617,2020-12-04 13:00:12,3764,64,0,0,1,0,0,0,0,0,0,0,0,0,0,0,0
217638,2020-12-04 13:10:09,4670,63,0,0,1,0,0,0,0,0,0,0,0,0,0,0,0
217664,2020-12-04 13:20:10,5809,62,0,0,1,0,0,0,0,0,0,0,0,0,0,0,0
217700,2020-12-04 13:30:11,6910,62,0,0,1,0,0,0,0,0,0,0,0,0,0,0,0
217717,2020-12-04 13:40:09,7965,63,0,0,1,0,0,0,0,0,0,0,0,0,0,0,0
217750,2020-12-04 13:50:10,8989,61,0,0,1,0,0,0,0,0,0,0,0,0,0,0,0
217764,2020-12-04 14:00:09,10013,62,0,0,1,0,0,0,0,0,0,0,0,0,0,0,0
217786,2020-12-04 14:10:08,11065,61,0,0,1,0,0,0,0,0,0,0,0,0,0,0,0
217837,2020-12-04 14:40:09,11543,59,0,0,1,0,0,0,0,0,0,0,0,0,0,0,0
217858,2020-12-04 14:50:09,11569,59,0,0,1,0,0,0,0,0,0,0,0,0,0,0,0
217911,2020-12-04 15:10:09,11587,59,0,0,1,0,0,0,0,0,0,0,0,0,0,0,0
218142,2020-12-04 16:50:13,11594,55,0,0,1,0,0,0,0,0,0,0,0,0,0,0,0
218174,2020-12-04 17:10:13,11605,53,0,0,1,0,0,0,0,0,0,0,0,0,0,0,0
218230,2020-12-04 17:50:12,11710,53,0,0,1,0,0,0,0,0,0,0,0,0,0,0,0
218260,2020-12-04 18:11:01,11842,52,0,0,1,0,0,0,0,0,0,0,0,0,0,0,0
218261,2020-12-04 18:12:30,11851,51,0,0,0,0,1,0,0,0,0,0,0,0,0,0,0
218280,2020-12-04 18:30:11,11871,51,0,0,1,0,0,0,0,0,0,0,0,0,0,0,0
218317,2020-12-04 19:00:12,11897,50,0,0,1,0,0,0,0,0,0,0,0,0,0,0,0
218341,2020-12-04 19:20:14,11977,50,0,0,1,0,0,0,0,0,0,0,0,0,0,0,0
218361,2020-12-04 19:40:17,11992,50,0,0,1,0,0,0,0,0,0,0,0,0,0,0,0
218399,2020-12-04 20:21:06,11999,49,0,0,1,0,0,0,0,0,0,0,0,0,0,0,0
218408,2020-12-04 20:30:15,12006,49,0,0,1,0,0,0,0,0,0,0,0,0,0,0,0
218425,2020-12-04 20:50:16,12043,48,0,0,1,0,0,0,0,0,0,0,0,0,0,0,0
218448,2020-12-04 21:20:16,12094,47,0,0,1,0,0,0,0,0,0,0,0,0,0,0,0
218453,2020-12-04 21:30:15,12097,47,0,0,1,0,0,0,0,0,0,0,0,0,0,0,0
218461,2020-12-04 21:40:15,12133,47,0,0,1,0,0,0,0,0,0,0,0,0,0,0,0
218478,2020-12-04 22:10:09,12224,45,0,0,1,0,0,0,0,0,0,0,0,0,0,0,0
218493,2020-12-04 22:50:15,12234,79,0,0,1,0,0,0,0,0,0,0,0,0,0,0,0
218495,2020-12-04 23:00:11,12241,77,0,0,1,0,0,0,0,0,0,0,0,0,0,0,0
218498,2020-12-04 23:10:10,12255,77,0,0,1,0,0,0,0,0,0,0,0,0,0,0,0
218504,2020-12-04 23:20:22,12272,76,0,0,1,0,0,0,0,0,0,0,0,0,0,0,0
218506,2020-12-04 23:30:14,12281,76,0,0,1,0,0,0,0,0,0,0,0,0,0,0,0
218509,2020-12-04 23:40:12,12307,75,0,0,1,0,0,0,0,0,0,0,0,0,0,0,0
218511,2020-12-04 23:50:13,12324,75,0,0,1,0,0,0,0,0,0,0,0,0,0,0,0
218513,2020-12-05 00:20:09,12,73,0,0,1,0,0,0,0,0,0,0,0,0,0,0,0
218516,2020-12-05 00:30:14,24,74,0,0,1,0,0,0,0,0,0,0,0,0,0,0,0
218523,2020-12-05 01:50:07,31,70,0,0,1,0,0,0,0,0,0,0,0,0,0,0,0
218527,2020-12-05 02:40:08,80,67,0,0,1,0,0,0,0,0,0,0,0,0,0,0,0
218528,2020-12-05 02:50:10,87,67,0,0,1,0,0,0,0,0,0,0,0,0,0,0,0
218535,2020-12-05 04:30:07,103,65,0,0,1,0,0,0,0,0,0,0,0,0,0,0,0
218544,2020-12-05 06:06:53,114,61,0,0,0,0,1,0,0,0,0,0,0,0,0,0,0
218565,2020-12-05 06:50:08,133,60,0,0,1,0,0,0,0,0,0,0,0,0,0,0,0
218585,2020-12-05 07:30:07,146,59,0,0,1,0,0,0,0,0,0,0,0,0,0,0,0
218601,2020-12-05 08:00:07,194,57,0,0,1,0,0,0,0,0,0,0,0,0,0,0,0
218608,2020-12-05 08:10:08,208,58,0,0,1,0,0,0,0,0,0,0,0,0,0,0,0
218613,2020-12-05 08:20:05,242,57,0,0,1,0,0,0,0,0,0,0,0,0,0,0,0
218629,2020-12-05 08:40:07,263,57,0,0,1,0,0,0,0,0,0,0,0,0,0,0,0
218650,2020-12-05 09:10:06,273,55,0,0,1,0,0,0,0,0,0,0,0,0,0,0,0
218664,2020-12-05 09:30:07,304,55,0,0,1,0,0,0,0,0,0,0,0,0,0,0,0
218671,2020-12-05 09:40:07,318,55,0,0,1,0,0,0,0,0,0,0,0,0,0,0,0
218697,2020-12-05 10:10:07,367,53,0,0,1,0,0,0,0,0,0,0,0,0,0,0,0
218708,2020-12-05 10:20:06,374,52,0,0,1,0,0,0,0,0,0,0,0,0,0,0,0
218731,2020-12-05 10:40:08,521,52,0,0,1,0,0,0,0,0,0,0,0,0,0,0,0
218740,2020-12-05 10:50:06,558,51,0,0,1,0,0,0,0,0,0,0,0,0,0,0,0
218771,2020-12-05 11:10:06,849,52,0,0,1,0,0,0,0,0,0,0,0,0,0,0,0
218794,2020-12-05 11:20:08,857,52,0,0,1,0,0,0,0,0,0,0,0,0,0,0,0
218813,2020-12-05 11:30:09,871,50,0,0,1,0,0,0,0,0,0,0,0,0,0,0,0
218826,2020-12-05 11:40:07,896,51,0,0,1,0,0,0,0,0,0,0,0,0,0,0,0
219004,2020-12-05 13:50:12,905,47,0,0,1,0,0,0,0,0,0,0,0,0,0,0,0
219008,2020-12-05 14:00:03,933,46,0,0,0,0,1,0,0,0,0,0,0,0,0,0,0
219029,2020-12-05 14:10:11,954,46,0,0,1,0,0,0,0,0,0,0,0,0,0,0,0
219071,2020-12-05 14:30:15,961,45,0,0,1,0,0,0,0,0,0,0,0,0,0,0,0
219086,2020-12-05 14:40:07,989,46,0,0,1,0,0,0,0,0,0,0,0,0,0,0,0
219131,2020-12-05 15:10:06,1013,44,0,0,1,0,0,0,0,0,0,0,0,0,0,0,0
219174,2020-12-05 15:40:14,1374,43,0,0,1,0,0,0,0,0,0,0,0,0,0,0,0
219321,2020-12-05 17:00:44,1431,41,0,0,1,0,0,0,0,0,0,0,0,0,0,0,0
219369,2020-12-05 17:30:06,1440,39,0,0,1,0,0,0,0,0,0,0,0,0,0,0,0
219428,2020-12-05 18:10:15,1481,38,0,0,1,0,0,0,0,0,0,0,0,0,0,0,0
219473,2020-12-05 18:41:08,1581,37,0,0,1,0,0,0,0,0,0,0,0,0,0,0,0
219515,2020-12-05 19:10:12,1623,37,0,0,1,0,0,0,0,0,0,0,0,0,0,0,0
219535,2020-12-05 19:31:08,1641,37,0,0,1,0,0,0,0,0,0,0,0,0,0,0,0
219573,2020-12-05 20:20:24,1708,35,0,0,1,0,0,0,0,0,0,0,0,0,0,0,0
219589,2020-12-05 20:52:01,1715,34,0,0,1,0,0,0,0,0,0,0,0,0,0,0,0
219613,2020-12-05 21:20:06,1729,33,0,0,1,0,0,0,0,0,0,0,0,0,0,0,0
219658,2020-12-05 22:30:07,1788,90,0,0,1,0,0,0,0,0,0,0,0,0,0,0,0
219670,2020-12-05 23:00:07,1817,88,0,0,1,0,0,0,0,0,0,0,0,0,0,0,0
219677,2020-12-05 23:20:10,1869,86,0,0,1,0,0,0,0,0,0,0,0,0,0,0,0
219680,2020-12-05 23:30:08,1879,86,0,0,1,0,0,0,0,0,0,0,0,0,0,0,0
219685,2020-12-05 23:50:10,1898,84,0,0,1,0,0,0,0,0,0,0,0,0,0,0,0
219698,2020-12-06 01:00:11,7,83,0,0,1,0,0,0,0,0,0,0,0,0,0,0,0
219703,2020-12-06 01:20:08,25,82,0,0,1,0,0,0,0,0,0,0,0,0,0,0,0
219721,2020-12-06 03:10:09,76,77,0,0,1,0,0,0,0,0,0,0,0,0,0,0,0
219725,2020-12-06 03:50:09,87,77,0,0,1,0,0,0,0,0,0,0,0,0,0,0,0
219749,2020-12-06 06:20:08,149,71,0,0,1,0,0,0,0,0,0,0,0,0,0,0,0
219752,2020-12-06 06:30:10,181,71,0,0,1,0,0,0,0,0,0,0,0,0,0,0,0
219757,2020-12-06 06:40:10,256,68,0,0,1,0,0,0,0,0,0,0,0,0,0,0,0
219765,2020-12-06 06:50:08,266,70,0,0,1,0,0,0,0,0,0,0,0,0,0,0,0
219777,2020-12-06 07:20:09,273,67,0,0,1,0,0,0,0,0,0,0,0,0,0,0,0
219780,2020-12-06 07:23:16,280,68,0,0,0,0,1,0,0,0,0,0,0,0,0,0,0
219784,2020-12-06 07:30:08,296,68,0,0,1,0,0,0,0,0,0,0,0,0,0,0,0
219797,2020-12-06 07:50:08,318,67,0,0,1,0,0,0,0,0,0,0,0,0,0,0,0
219811,2020-12-06 08:10:10,455,67,0,0,1,0,0,0,0,0,0,0,0,0,0,0,0
219858,2020-12-06 08:50:08,765,66,0,0,1,0,0,0,0,0,0,0,0,0,0,0,0
219870,2020-12-06 09:00:06,1007,65,0,0,1,0,0,0,0,0,0,0,0,0,0,0,0
219882,2020-12-06 09:06:45,1745,65,0,0,0,0,0,0,0,0,0,0,0,0,1,0,0
219883,2020-12-06 09:06:57,1758,65,0,0,0,0,0,0,0,0,0,0,0,0,1,0,0
219884,2020-12-06 09:08:17,1896,66,0,0,0,0,0,0,0,0,0,0,0,0,1,0,0
219896,2020-12-06 09:10:09,2050,64,0,0,1,0,0,0,0,0,0,0,0,0,0,0,0
219903,2020-12-06 09:16:18,2134,64,0,0,0,0,0,0,0,0,0,0,0,0,1,0,0
219918,2020-12-06 09:20:10,2210,65,0,0,1,0,0,0,0,0,0,0,0,0,0,0,0
219946,2020-12-06 09:50:07,2231,64,0,0,1,0,0,0,0,0,0,0,0,0,0,0,0
219962,2020-12-06 10:00:09,2238,64,0,0,1,0,0,0,0,0,0,0,0,0,0,0,0
220018,2020-12-06 10:46:49,2512,62,0,0,0,0,0,0,0,0,0,0,0,0,1,0,0
220020,2020-12-06 10:48:02,2677,61,0,0,0,0,0,0,0,0,0,0,0,0,1,0,0
220021,2020-12-06 10:48:12,2698,62,0,0,0,0,0,0,0,0,0,0,0,0,1,0,0
220022,2020-12-06 10:49:12,2828,61,0,0,0,0,0,0,0,0,0,0,0,0,1,0,0
220029,2020-12-06 10:50:08,2920,62,0,0,1,0,0,0,0,0,0,0,0,0,0,0,0
220046,2020-12-06 11:00:07,3489,62,0,0,1,0,0,0,0,0,0,0,0,0,0,0,0
220067,2020-12-06 11:11:57,3650,61,0,0,1,0,0,0,0,0,0,0,0,0,0,0,0
220082,2020-12-06 11:20:08,3752,60,0,0,1,0,0,0,0,0,0,0,0,0,0,0,0
220092,2020-12-06 11:30:07,3774,59,0,0,1,0,0,0,0,0,0,0,0,0,0,0,0
220116,2020-12-06 11:50:10,3801,59,0,0,1,0,0,0,0,0,0,0,0,0,0,0,0
220128,2020-12-06 12:00:09,3809,59,0,0,1,0,0,0,0,0,0,0,0,0,0,0,0
220191,2020-12-06 12:46:41,3879,58,0,0,0,0,1,0,0,0,0,0,0,0,0,0,0
220204,2020-12-06 12:50:11,3912,58,0,0,1,0,0,0,0,0,0,0,0,0,0,0,0
220228,2020-12-06 13:00:10,3919,57,0,0,1,0,0,0,0,0,0,0,0,0,0,0,0
220350,2020-12-06 14:01:06,3936,55,0,0,1,0,0,0,0,0,0,0,0,0,0,0,0
220444,2020-12-06 14:50:13,3952,54,0,0,1,0,0,0,0,0,0,0,0,0,0,0,0
220465,2020-12-06 15:00:15,3978,52,0,0,1,0,0,0,0,0,0,0,0,0,0,0,0
220468,2020-12-06 15:07:00,4021,53,0,0,0,0,0,1,0,0,0,0,0,0,0,0,0
220477,2020-12-06 15:10:11,4048,53,0,0,1,0,0,0,0,0,0,0,0,0,0,0,0
220527,2020-12-06 15:40:10,4107,52,0,0,1,0,0,0,0,0,0,0,0,0,0,0,0
220554,2020-12-06 15:50:10,4130,52,0,0,1,0,0,0,0,0,0,0,0,0,0,0,0
220578,2020-12-06 16:00:09,4158,51,0,0,1,0,0,0,0,0,0,0,0,0,0,0,0
220635,2020-12-06 16:30:12,4189,51,0,0,1,0,0,0,0,0,0,0,0,0,0,0,0
220675,2020-12-06 16:50:10,4198,50,0,0,1,0,0,0,0,0,0,0,0,0,0,0,0
220701,2020-12-06 17:00:09,4205,49,0,0,1,0,0,0,0,0,0,0,0,0,0,0,0
220741,2020-12-06 17:21:49,4268,49,0,0,1,0,0,0,0,0,0,0,0,0,0,0,0
220780,2020-12-06 17:40:12,4275,48,0,0,1,0,0,0,0,0,0,0,0,0,0,0,0
220795,2020-12-06 17:50:12,4356,48,0,0,1,0,0,0,0,0,0,0,0,0,0,0,0
220811,2020-12-06 18:00:12,4381,49,0,0,1,0,0,0,0,0,0,0,0,0,0,0,0
220843,2020-12-06 18:20:11,4403,47,0,0,1,0,0,0,0,0,0,0,0,0,0,0,0
220889,2020-12-06 18:50:10,4416,46,0,0,1,0,0,0,0,0,0,0,0,0,0,0,0
220905,2020-12-06 19:05:05,4448,45,0,0,0,0,0,1,0,0,0,0,0,0,0,0,0
220921,2020-12-06 19:20:09,4459,46,0,0,1,0,0,0,0,0,0,0,0,0,0,0,0
220934,2020-12-06 19:40:09,4638,45,0,0,1,0,0,0,0,0,0,0,0,0,0,0,0
220947,2020-12-06 19:56:26,4688,45,0,0,0,0,0,1,0,0,0,0,0,0,0,0,0
221001,2020-12-06 21:40:11,4741,95,0,0,1,0,0,0,0,0,0,0,0,0,0,0,0
221010,2020-12-06 22:00:10,4762,94,0,0,1,0,0,0,0,0,0,0,0,0,0,0,0
221012,2020-12-06 22:10:10,4773,93,0,0,1,0,0,0,0,0,0,0,0,0,0,0,0
221045,2020-12-07 02:39:01,91,83,0,0,0,0,1,0,0,0,0,0,0,0,0,0,0
221048,2020-12-07 02:50:11,115,83,0,0,1,0,0,0,0,0,0,0,0,0,0,0,0
221072,2020-12-07 05:04:23,327,76,0,0,1,0,0,0,0,0,0,0,0,0,0,0,0
221077,2020-12-07 05:14:18,675,78,0,0,0,0,0,0,0,0,0,0,0,0,1,0,0
221097,2020-12-07 06:22:26,782,73,0,0,1,0,0,0,0,0,0,0,0,0,0,0,0
221125,2020-12-07 07:02:56,926,71,0,0,0,0,0,0,0,0,0,0,0,0,1,0,0
221126,2020-12-07 07:04:45,1157,72,0,0,0,0,0,0,0,0,0,0,0,0,1,0,0
221127,2020-12-07 07:05:45,1280,72,0,0,0,0,0,0,0,0,0,0,0,0,1,0,0
221131,2020-12-07 07:10:09,1652,73,0,0,1,0,0,0,0,0,0,0,0,0,0,0,0
221135,2020-12-07 07:20:08,2040,71,0,0,1,0,0,0,0,0,0,0,0,0,0,0,0
221145,2020-12-07 07:30:11,2108,72,0,0,1,0,0,0,0,0,0,0,0,0,0,0,0
221156,2020-12-07 07:40:09,2147,72,0,0,1,0,0,0,0,0,0,0,0,0,0,0,0
221214,2020-12-07 08:14:12,2154,70,0,0,1,0,0,0,0,0,0,0,0,0,0,0,0
221234,2020-12-07 08:34:23,2189,70,0,0,1,0,0,0,0,0,0,0,0,0,0,0,0
221286,2020-12-07 09:05:06,2245,68,0,0,1,0,0,0,0,0,0,0,0,0,0,0,0
221340,2020-12-07 09:30:14,2252,67,0,0,1,0,0,0,0,0,0,0,0,0,0,0,0
221389,2020-12-07 09:50:15,2271,66,0,0,1,0,0,0,0,0,0,0,0,0,0,0,0
221398,2020-12-07 09:53:11,2319,66,0,0,0,0,1,0,0,0,0,0,0,0,0,0,0
221412,2020-12-07 10:01:18,2932,66,0,0,1,0,0,0,0,0,0,0,0,0,0,0,0
221430,2020-12-07 10:11:24,3879,66,0,0,1,0,0,0,0,0,0,0,0,0,0,0,0
221434,2020-12-07 10:15:44,4265,66,0,0,0,0,0,0,0,0,0,0,0,0,1,0,0
221435,2020-12-07 10:16:04,4290,66,0,0,0,0,0,0,0,0,0,0,0,0,1,0,0
221436,2020-12-07 10:16:13,4306,66,0,0,0,0,0,0,0,0,0,0,0,0,1,0,0
221439,2020-12-07 10:17:52,4388,66,0,0,0,0,0,0,0,0,0,0,0,0,1,0,0
221441,2020-12-07 10:18:02,4397,66,0,0,0,0,0,0,0,0,0,0,0,0,1,0,0
221443,2020-12-07 10:18:12,4408,66,0,0,0,0,0,0,0,0,0,0,0,0,1,0,0
221447,2020-12-07 10:18:32,4425,66,0,0,0,0,0,0,0,0,0,0,0,0,1,0,0
221453,2020-12-07 10:20:08,4481,66,0,0,1,0,0,0,0,0,0,0,0,0,0,0,0
221483,2020-12-07 10:35:25,4524,66,0,0,0,0,1,0,0,0,0,0,0,0,0,0,0
221508,2020-12-07 10:44:51,4962,66,0,0,1,0,0,0,0,0,0,0,0,0,0,0,0
221530,2020-12-07 10:55:03,5024,66,0,0,1,0,0,0,0,0,0,0,0,0,0,0,0
221568,2020-12-07 11:10:08,5088,64,0,0,1,0,0,0,0,0,0,0,0,0,0,0,0
221614,2020-12-07 11:30:08,5172,64,0,0,1,0,0,0,0,0,0,0,0,0,0,0,0
221640,2020-12-07 11:40:09,5249,63,0,0,1,0,0,0,0,0,0,0,0,0,0,0,0
221685,2020-12-07 11:50:08,5256,63,0,0,1,0,0,0,0,0,0,0,0,0,0,0,0
221734,2020-12-07 12:01:30,5306,63,0,0,1,0,0,0,0,0,0,0,0,0,0,0,0
221760,2020-12-07 12:14:52,5367,62,0,0,1,0,0,0,0,0,0,0,0,0,0,0,0
221847,2020-12-07 12:53:13,5453,61,0,0,1,0,0,0,0,0,0,0,0,0,0,0,0
221945,2020-12-07 13:30:08,5506,59,0,0,1,0,0,0,0,0,0,0,0,0,0,0,0
221968,2020-12-07 13:40:33,5878,59,0,0,1,0,0,0,0,0,0,0,0,0,0,0,0
221972,2020-12-07 13:40:54,5927,59,0,0,0,0,0,0,0,0,0,0,0,0,1,0,0
221974,2020-12-07 13:41:28,5996,59,0,0,0,0,0,0,0,0,0,0,0,0,1,0,0
221975,2020-12-07 13:42:11,6085,59,0,0,0,0,0,0,0,0,0,0,0,0,1,0,0
221980,2020-12-07 13:44:07,6334,59,0,0,0,0,0,0,0,0,0,0,0,0,1,0,0
221982,2020-12-07 13:44:27,6371,58,0,0,0,0,0,0,0,0,0,0,0,0,1,0,0
221983,2020-12-07 13:44:36,6392,59,0,0,0,0,0,0,0,0,0,0,0,0,1,0,0
221986,2020-12-07 13:46:54,6602,59,0,0,0,0,0,0,0,0,0,0,0,0,1,0,0
221987,2020-12-07 13:47:17,6650,59,0,0,0,0,0,0,0,0,0,0,0,0,1,0,0
221988,2020-12-07 13:47:20,6657,59,0,0,0,0,0,0,0,0,0,0,0,0,1,0,0
221992,2020-12-07 13:48:20,6661,59,0,0,0,0,0,0,0,0,0,0,0,0,1,0,0
221993,2020-12-07 13:48:31,6676,59,0,0,0,0,0,0,0,0,0,0,0,0,1,0,0
221994,2020-12-07 13:48:41,6696,59,0,0,0,0,0,0,0,0,0,0,0,0,1,0,0
221996,2020-12-07 13:48:50,6714,59,0,0,0,0,0,0,0,0,0,0,0,0,1,0,0
222003,2020-12-07 13:50:10,6855,59,0,0,1,0,0,0,0,0,0,0,0,0,0,0,0
222006,2020-12-07 13:52:40,7122,59,0,0,0,0,0,0,0,0,0,0,0,0,1,0,0
222007,2020-12-07 13:52:50,7138,59,0,0,0,0,0,0,0,0,0,0,0,0,1,0,0
222025,2020-12-07 14:01:18,7558,59,0,0,1,0,0,0,0,0,0,0,0,0,0,0,0
222043,2020-12-07 14:11:06,7954,59,0,0,0,0,0,0,0,0,0,0,0,0,1,0,0
222044,2020-12-07 14:11:16,7969,58,0,0,0,0,0,0,0,0,0,0,0,0,1,0,0
222045,2020-12-07 14:11:26,7983,59,0,0,0,0,0,0,0,0,0,0,0,0,1,0,0
222046,2020-12-07 14:11:37,8003,58,0,0,0,0,0,0,0,0,0,0,0,0,1,0,0
222047,2020-12-07 14:11:47,8008,58,0,0,0,0,0,0,0,0,0,0,0,0,1,0,0
222050,2020-12-07 14:14:21,8020,58,0,0,1,0,0,0,0,0,0,0,0,0,0,0,0
222100,2020-12-07 14:40:33,8049,57,0,0,1,0,0,0,0,0,0,0,0,0,0,0,0
222126,2020-12-07 14:51:05,8897,56,0,0,1,0,0,0,0,0,0,0,0,0,0,0,0
222158,2020-12-07 15:04:54,9983,56,0,0,1,0,0,0,0,0,0,0,0,0,0,0,0
222189,2020-12-07 15:20:12,10879,56,0,0,1,0,0,0,0,0,0,0,0,0,0,0,0
222278,2020-12-07 16:01:51,11045,53,0,0,1,0,0,0,0,0,0,0,0,0,0,0,0
222425,2020-12-07 17:24:18,11061,50,0,0,1,0,0,0,0,0,0,0,0,0,0,0,0
222475,2020-12-07 18:00:11,11081,50,0,0,1,0,0,0,0,0,0,0,0,0,0,0,0
222533,2020-12-07 18:44:24,11096,49,0,0,1,0,0,0,0,0,0,0,0,0,0,0,0
222583,2020-12-07 19:30:13,11103,48,0,0,1,0,0,0,0,0,0,0,0,0,0,0,0
222646,2020-12-07 20:33:09,11118,45,0,0,1,0,0,0,0,0,0,0,0,0,0,0,0
222656,2020-12-07 20:40:10,11146,45,0,0,1,0,0,0,0,0,0,0,0,0,0,0,0
222664,2020-12-07 20:50:12,11154,45,0,0,1,0,0,0,0,0,0,0,0,0,0,0,0
222672,2020-12-07 21:00:11,11166,44,0,0,1,0,0,0,0,0,0,0,0,0,0,0,0
222680,2020-12-07 21:10:13,11191,44,0,0,1,0,0,0,0,0,0,0,0,0,0,0,0
222687,2020-12-07 21:20:13,11201,45,0,0,1,0,0,0,0,0,0,0,0,0,0,0,0
222694,2020-12-07 21:30:10,11272,44,0,0,1,0,0,0,0,0,0,0,0,0,0,0,0
222793,2020-12-08 05:04:06,253,78,0,0,1,0,0,0,0,0,0,0,0,0,0,0,0
222797,2020-12-08 05:14:19,542,77,0,0,1,0,0,0,0,0,0,0,0,0,0,0,0
222798,2020-12-08 05:15:07,552,77,0,0,0,0,0,0,0,0,0,0,0,0,1,0,0
222799,2020-12-08 05:16:25,605,77,0,0,0,0,0,0,0,0,0,0,0,0,1,0,0
222800,2020-12-08 05:16:35,613,78,0,0,0,0,0,0,0,0,0,0,0,0,1,0,0
222801,2020-12-08 05:30:44,639,76,0,0,1,0,0,0,0,0,0,0,0,0,0,0,0
222809,2020-12-08 06:12:37,648,74,0,0,1,0,0,0,0,0,0,0,0,0,0,0,0
222816,2020-12-08 06:50:08,655,72,0,0,1,0,0,0,0,0,0,0,0,0,0,0,0
222820,2020-12-08 06:59:56,752,72,0,0,0,0,0,0,0,0,0,0,0,0,1,0,0
222823,2020-12-08 07:01:58,977,71,0,0,0,0,0,0,0,0,0,0,0,0,1,0,0
222824,2020-12-08 07:02:08,998,72,0,0,0,0,0,0,0,0,0,0,0,0,1,0,0
222825,2020-12-08 07:02:18,1019,71,0,0,0,0,0,0,0,0,0,0,0,0,1,0,0
222826,2020-12-08 07:02:28,1040,72,0,0,0,0,0,0,0,0,0,0,0,0,1,0,0
222832,2020-12-08 07:15:00,1912,73,0,0,1,0,0,0,0,0,0,0,0,0,0,0,0
222849,2020-12-08 07:30:09,1921,72,0,0,1,0,0,0,0,0,0,0,0,0,0,0,0
222939,2020-12-08 08:50:07,2044,68,0,0,1,0,0,0,0,0,0,0,0,0,0,0,0
222958,2020-12-08 09:02:06,2051,69,0,0,1,0,0,0,0,0,0,0,0,0,0,0,0
223233,2020-12-08 11:30:09,2072,65,0,0,1,0,0,0,0,0,0,0,0,0,0,0,0
223279,2020-12-08 12:00:10,2368,63,0,0,1,0,0,0,0,0,0,0,0,0,0,0,0
223292,2020-12-08 12:05:24,2456,63,0,0,0,0,1,0,0,0,0,0,0,0,0,0,0
223307,2020-12-08 12:10:13,2530,63,0,0,1,0,0,0,0,0,0,0,0,0,0,0,0
223349,2020-12-08 12:20:14,2547,62,0,0,1,0,0,0,0,0,0,0,0,0,0,0,0
223360,2020-12-08 12:30:09,2592,62,0,0,1,0,0,0,0,0,0,0,0,0,0,0,0
223396,2020-12-08 13:00:12,2705,61,0,0,1,0,0,0,0,0,0,0,0,0,0,0,0
223415,2020-12-08 13:10:14,2724,60,0,0,1,0,0,0,0,0,0,0,0,0,0,0,0
223436,2020-12-08 13:20:11,2818,61,0,0,1,0,0,0,0,0,0,0,0,0,0,0,0
223445,2020-12-08 13:30:09,3302,59,0,0,1,0,0,0,0,0,0,0,0,0,0,0,0
223456,2020-12-08 13:37:10,4025,60,0,0,0,0,1,0,0,0,0,0,0,0,0,0,0
223460,2020-12-08 13:40:06,4336,60,0,0,1,0,0,0,0,0,0,0,0,0,0,0,0
223472,2020-12-08 13:50:13,5298,60,0,0,1,0,0,0,0,0,0,0,0,0,0,0,0
223496,2020-12-08 14:14:09,8079,59,0,0,1,0,0,0,0,0,0,0,0,0,0,0,0
223513,2020-12-08 14:24:52,9122,59,0,0,1,0,0,0,0,0,0,0,0,0,0,0,0
223524,2020-12-08 14:30:09,9198,58,0,0,1,0,0,0,0,0,0,0,0,0,0,0,0
223556,2020-12-08 14:52:13,11005,57,0,0,1,0,0,0,0,0,0,0,0,0,0,0,0
223569,2020-12-08 15:00:08,11670,57,0,0,1,0,0,0,0,0,0,0,0,0,0,0,0
223587,2020-12-08 15:10:08,12733,57,0,0,1,0,0,0,0,0,0,0,0,0,0,0,0
223607,2020-12-08 15:20:09,13821,56,0,0,1,0,0,0,0,0,0,0,0,0,0,0,0
223618,2020-12-08 15:30:08,14895,56,0,0,1,0,0,0,0,0,0,0,0,0,0,0,0
223661,2020-12-08 15:40:08,15971,56,0,0,1,0,0,0,0,0,0,0,0,0,0,0,0
223679,2020-12-08 15:50:07,16946,56,0,0,1,0,0,0,0,0,0,0,0,0,0,0,0
223707,2020-12-08 16:09:14,17163,55,0,0,0,0,1,0,0,0,0,0,0,0,0,0,0
223958,2020-12-08 19:02:05,17438,50,0,0,1,0,0,0,0,0,0,0,0,0,0,0,0
223964,2020-12-08 19:10:10,17457,49,0,0,1,0,0,0,0,0,0,0,0,0,0,0,0
223986,2020-12-08 19:33:46,17472,47,0,0,1,0,0,0,0,0,0,0,0,0,0,0,0
224001,2020-12-08 19:50:11,17489,48,0,0,1,0,0,0,0,0,0,0,0,0,0,0,0
224024,2020-12-08 20:40:11,17501,45,0,0,1,0,0,0,0,0,0,0,0,0,0,0,0
224037,2020-12-08 21:00:10,17541,45,0,0,1,0,0,0,0,0,0,0,0,0,0,0,0
224049,2020-12-08 21:30:12,17548,44,0,0,1,0,0,0,0,0,0,0,0,0,0,0,0
224054,2020-12-08 21:40:11,17624,45,0,0,1,0,0,0,0,0,0,0,0,0,0,0,0
224057,2020-12-08 21:43:28,17648,44,0,0,0,0,0,1,0,0,0,0,0,0,0,0,0
224129,2020-12-09 05:10:10,341,96,0,0,1,0,0,0,0,0,0,0,0,0,0,0,0
224131,2020-12-09 05:14:25,368,97,0,0,0,0,0,0,0,0,0,0,0,0,1,0,0
224132,2020-12-09 05:16:32,441,97,0,0,0,0,0,0,0,0,0,0,0,0,1,0,0
224133,2020-12-09 05:16:42,451,97,0,0,0,0,0,0,0,0,0,0,0,0,1,0,0
224134,2020-12-09 05:16:52,465,97,0,0,0,0,0,0,0,0,0,0,0,0,1,0,0
224143,2020-12-09 06:00:08,489,93,0,0,1,0,0,0,0,0,0,0,0,0,0,0,0
224155,2020-12-09 06:58:25,581,92,0,0,0,0,0,0,0,0,0,0,0,0,1,0,0
224159,2020-12-09 07:00:09,724,92,0,0,1,0,0,0,0,0,0,0,0,0,0,0,0
224160,2020-12-09 07:00:55,830,92,0,0,0,0,0,0,0,0,0,0,0,0,1,0,0
224161,2020-12-09 07:01:05,851,90,0,0,0,0,0,0,0,0,0,0,0,0,1,0,0
224164,2020-12-09 07:06:17,1413,92,0,0,0,0,0,0,0,0,0,0,0,0,1,0,0
224165,2020-12-09 07:06:27,1433,91,0,0,0,0,0,0,0,0,0,0,0,0,1,0,0
224166,2020-12-09 07:07:05,1491,92,0,0,0,0,0,0,0,0,0,0,0,0,1,0,0
224167,2020-12-09 07:07:15,1506,92,0,0,0,0,0,0,0,0,0,0,0,0,1,0,0
224168,2020-12-09 07:07:25,1527,92,0,0,0,0,0,0,0,0,0,0,0,0,1,0,0
224169,2020-12-09 07:07:35,1547,92,0,0,0,0,0,0,0,0,0,0,0,0,1,0,0
224170,2020-12-09 07:07:45,1567,91,0,0,0,0,0,0,0,0,0,0,0,0,1,0,0
224183,2020-12-09 07:20:06,2498,92,0,0,1,0,0,0,0,0,0,0,0,0,0,0,0
224259,2020-12-09 08:30:09,2537,87,0,0,1,0,0,0,0,0,0,0,0,0,0,0,0
224276,2020-12-09 08:40:13,2563,87,0,0,1,0,0,0,0,0,0,0,0,0,0,0,0
224302,2020-12-09 09:00:12,2752,87,0,0,1,0,0,0,0,0,0,0,0,0,0,0,0
224337,2020-12-09 09:30:11,2759,85,0,0,1,0,0,0,0,0,0,0,0,0,0,0,0
224393,2020-12-09 10:00:11,2853,86,0,0,1,0,0,0,0,0,0,0,0,0,0,0,0
224409,2020-12-09 10:10:06,2894,85,0,0,1,0,0,0,0,0,0,0,0,0,0,0,0
224462,2020-12-09 10:34:55,2924,83,0,0,1,0,0,0,0,0,0,0,0,0,0,0,0
224519,2020-12-09 11:10:11,3016,82,0,0,1,0,0,0,0,0,0,0,0,0,0,0,0
224532,2020-12-09 11:20:09,3078,81,0,0,1,0,0,0,0,0,0,0,0,0,0,0,0
224571,2020-12-09 11:33:26,3871,82,0,0,1,0,0,0,0,0,0,0,0,0,0,0,0
224580,2020-12-09 11:40:09,4613,82,0,0,1,0,0,0,0,0,0,0,0,0,0,0,0
224604,2020-12-09 11:50:07,5720,81,0,0,1,0,0,0,0,0,0,0,0,0,0,0,0
224617,2020-12-09 12:00:09,6833,81,0,0,1,0,0,0,0,0,0,0,0,0,0,0,0
224640,2020-12-09 12:11:34,8109,81,0,0,0,0,1,0,0,0,0,0,0,0,0,0,0
224650,2020-12-09 12:14:53,8486,81,0,0,1,0,0,0,0,0,0,0,0,0,0,0,0
224669,2020-12-09 12:21:29,9179,80,0,0,0,0,1,0,0,0,0,0,0,0,0,0,0
224676,2020-12-09 12:25:04,9429,80,0,0,1,0,0,0,0,0,0,0,0,0,0,0,0
224690,2020-12-09 12:30:42,9525,79,0,0,1,0,0,0,0,0,0,0,0,0,0,0,0
224726,2020-12-09 12:54:31,11213,78,0,0,0,0,1,0,0,0,0,0,0,0,0,0,0
224727,2020-12-09 12:54:52,11240,78,0,0,1,0,0,0,0,0,0,0,0,0,0,0,0
224734,2020-12-09 13:00:08,11548,78,0,0,1,0,0,0,0,0,0,0,0,0,0,0,0
224782,2020-12-09 13:20:06,12748,76,0,0,1,0,0,0,0,0,0,0,0,0,0,0,0
247849,2020-12-28 15:53:42,1670,46,0,0,0,0,1,0,0,0,0,0,0,0,0,0,0
248434,2020-12-29 11:08:11,488,56,0,0,0,0,1,0,0,0,0,0,0,0,0,0,0
248695,2020-12-29 13:32:45,5769,51,0,0,0,0,0,1,0,0,0,0,0,0,0,0,0
248809,2020-12-29 14:46:42,7595,50,0,0,0,0,0,0,0,0,0,0,0,0,1,0,0
248865,2020-12-29 15:29:29,8456,49,0,0,0,0,1,0,0,0,0,0,0,0,0,0,0
248879,2020-12-29 15:33:46,8472,47,0,0,0,0,0,0,0,0,0,0,0,0,1,0,0
248885,2020-12-29 15:37:52,8486,49,0,0,0,0,0,0,0,0,0,0,0,0,1,0,0
249727,2020-12-30 13:54:14,2500,48,0,0,0,0,0,0,0,0,0,0,0,0,1,0,0
249730,2020-12-30 13:55:43,2507,47,0,0,0,0,0,0,0,0,0,0,0,0,1,0,0
249746,2020-12-30 14:07:48,2518,46,0,0,0,0,0,0,0,0,0,0,0,0,1,0,0
249785,2020-12-30 14:45:54,2795,45,0,0,0,0,0,0,0,0,0,0,0,0,1,0,0
249786,2020-12-30 14:46:04,2802,45,0,0,0,0,0,0,0,0,0,0,0,0,1,0,0
249787,2020-12-30 14:46:14,2819,45,0,0,0,0,0,0,0,0,0,0,0,0,1,0,0
249800,2020-12-30 14:53:46,2850,45,0,0,0,0,1,0,0,0,0,0,0,0,0,0,0
249821,2020-12-30 15:12:52,3004,45,0,0,0,0,1,0,0,0,0,0,0,0,0,0,0
249836,2020-12-30 15:22:47,3216,44,0,0,0,0,1,0,0,0,0,0,0,0,0,0,0
249841,2020-12-30 15:24:19,3223,43,0,0,0,0,0,0,0,0,0,0,0,0,1,0,0
249842,2020-12-30 15:24:29,3244,44,0,0,0,0,0,0,0,0,0,0,0,0,1,0,0
249843,2020-12-30 15:24:39,3250,43,0,0,0,0,0,0,0,0,0,0,0,0,1,0,0
249845,2020-12-30 15:24:51,3277,44,0,0,0,0,0,0,0,0,0,0,0,0,1,0,0
249847,2020-12-30 15:25:00,3295,43,0,0,0,0,0,0,0,0,0,0,0,0,1,0,0
249859,2020-12-30 15:31:24,3520,44,0,0,0,0,0,0,0,0,0,0,0,0,1,0,0
249860,2020-12-30 15:32:22,3528,43,0,0,0,0,0,0,0,0,0,0,0,0,1,0,0
249862,2020-12-30 15:38:45,3568,44,0,0,0,0,0,0,0,0,0,0,0,0,1,0,0
249876,2020-12-30 15:41:12,3575,43,0,0,0,0,0,0,0,0,0,0,0,0,1,0,0
249890,2020-12-30 15:51:01,3582,43,0,0,0,0,0,0,0,0,0,0,0,0,1,0,0
249899,2020-12-30 15:57:13,3589,41,0,0,0,0,0,0,0,0,0,0,0,0,1,0,0
249901,2020-12-30 15:59:21,3601,42,0,0,0,0,0,0,0,0,0,0,0,0,1,0,0
249915,2020-12-30 16:03:56,3616,42,0,0,0,0,0,0,0,0,0,0,0,0,1,0,0
249917,2020-12-30 16:06:32,3626,43,0,0,0,0,0,0,0,0,0,0,0,0,1,0,0
249919,2020-12-30 16:06:42,3634,42,0,0,0,0,0,0,0,0,0,0,0,0,1,0,0
249921,2020-12-30 16:07:32,3645,41,0,0,0,0,0,0,0,0,0,0,0,0,1,0,0
249923,2020-12-30 16:07:42,3663,41,0,0,0,0,0,0,0,0,0,0,0,0,1,0,0
249966,2020-12-30 16:39:55,4473,41,0,0,0,0,0,0,0,0,0,0,0,0,1,0,0
249973,2020-12-30 16:40:14,4488,42,0,0,0,0,0,0,0,0,0,0,0,0,1,0,0
249975,2020-12-30 16:43:31,4497,42,0,0,0,0,0,0,0,0,0,0,0,0,1,0,0
249979,2020-12-30 16:47:35,4514,41,0,0,0,0,0,0,0,0,0,0,0,0,1,0,0
249980,2020-12-30 16:47:45,4526,42,0,0,0,0,0,0,0,0,0,0,0,0,1,0,0
251397,2020-12-31 23:47:03,845,99,0,0,0,0,1,0,0,0,0,0,0,0,0,0,0
253888,2021-01-03 15:23:27,4214,60,0,0,0,0,0,0,0,0,0,0,0,0,1,0,0
256056,2021-01-05 14:17:59,22529,51,0,0,0,0,1,0,0,0,0,0,0,0,0,0,0
256080,2021-01-05 14:28:13,22961,51,0,0,0,0,0,0,0,0,0,0,0,0,1,0,0
256081,2021-01-05 14:28:23,22972,50,0,0,0,0,0,0,0,0,0,0,0,0,1,0,0
256082,2021-01-05 14:28:33,22979,51,0,0,0,0,0,0,0,0,0,0,0,0,1,0,0
256084,2021-01-05 14:28:43,22995,50,0,0,0,0,0,0,0,0,0,0,0,0,1,0,0
256085,2021-01-05 14:28:53,23008,51,0,0,0,0,0,0,0,0,0,0,0,0,1,0,0
256088,2021-01-05 14:29:43,23035,51,0,0,0,0,0,0,0,0,0,0,0,0,1,0,0
256089,2021-01-05 14:29:51,23046,51,0,0,0,0,0,0,0,0,0,0,0,0,1,0,0
256090,2021-01-05 14:30:01,23048,52,0,0,0,0,0,0,0,0,0,0,0,0,1,0,0
256107,2021-01-05 14:33:37,23063,51,0,0,0,0,0,0,0,0,0,0,0,0,1,0,0
256110,2021-01-05 14:37:32,23080,50,0,0,0,0,0,0,0,0,0,0,0,0,1,0,0
256111,2021-01-05 14:37:43,23096,50,0,0,0,0,0,0,0,0,0,0,0,0,1,0,0
256112,2021-01-05 14:38:12,23145,50,0,0,0,0,0,0,0,0,0,0,0,0,1,0,0
256113,2021-01-05 14:38:22,23163,50,0,0,0,0,0,0,0,0,0,0,0,0,1,0,0
256114,2021-01-05 14:38:32,23182,50,0,0,0,0,0,0,0,0,0,0,0,0,1,0,0
256115,2021-01-05 14:38:42,23190,50,0,0,0,0,0,0,0,0,0,0,0,0,1,0,0
256117,2021-01-05 14:38:51,23207,50,0,0,0,0,0,0,0,0,0,0,0,0,1,0,0
256118,2021-01-05 14:39:01,23224,50,0,0,0,0,0,0,0,0,0,0,0,0,1,0,0
256119,2021-01-05 14:39:11,23243,50,0,0,0,0,0,0,0,0,0,0,0,0,1,0,0
256120,2021-01-05 14:39:21,23261,50,0,0,0,0,0,0,0,0,0,0,0,0,1,0,0
256122,2021-01-05 14:39:31,23281,50,0,0,0,0,0,0,0,0,0,0,0,0,1,0,0
256123,2021-01-05 14:39:41,23300,51,0,0,0,0,0,0,0,0,0,0,0,0,1,0,0
256124,2021-01-05 14:39:50,23320,50,0,0,0,0,0,0,0,0,0,0,0,0,1,0,0
256125,2021-01-05 14:40:00,23339,51,0,0,0,0,0,0,0,0,0,0,0,0,1,0,0
256246,2021-01-05 15:36:28,24423,49,0,0,0,0,1,0,0,0,0,0,0,0,0,0,0
256579,2021-01-05 19:13:52,24477,42,0,0,0,0,1,0,0,0,0,0,0,0,0,0,0
256691,2021-01-05 22:26:22,24834,71,0,0,0,0,1,0,0,0,0,0,0,0,0,0,0
257173,2021-01-06 12:59:43,654,39,0,0,0,0,1,0,0,0,0,0,0,0,0,0,0
257774,2021-01-06 20:12:07,927,30,0,0,0,0,0,1,0,0,0,0,0,0,0,0,0
272545,2021-01-22 12:45:32,767,50,0,0,0,0,0,0,0,0,0,0,0,0,1,0,0
272556,2021-01-22 12:50:12,786,49,0,0,1,0,0,0,0,0,0,0,0,0,0,0,0
272557,2021-01-22 12:50:52,793,49,0,0,0,0,1,0,0,0,0,0,0,0,0,0,0
272558,2021-01-22 12:51:06,814,49,0,0,0,0,1,0,0,0,0,0,0,0,0,0,0
272559,2021-01-22 12:52:03,827,50,0,0,0,0,1,0,0,0,0,0,0,0,0,0,0
272562,2021-01-22 12:53:13,863,50,0,0,0,0,1,0,0,0,0,0,0,0,0,0,0
272564,2021-01-22 12:56:36,884,50,0,0,0,0,1,0,0,0,0,0,0,0,0,0,0
272570,2021-01-22 13:00:12,898,49,0,0,1,0,0,0,0,0,0,0,0,0,0,0,0
272572,2021-01-22 13:00:41,906,50,0,0,0,0,1,0,0,0,0,0,0,0,0,0,0
272580,2021-01-22 13:05:52,930,50,0,0,0,0,1,0,0,0,0,0,0,0,0,0,0
272582,2021-01-22 13:07:43,945,50,0,0,0,0,0,1,0,0,0,0,0,0,0,0,0
272600,2021-01-22 13:20:09,960,49,0,0,1,0,0,0,0,0,0,0,0,0,0,0,0
272615,2021-01-22 13:30:09,973,48,0,0,1,0,0,0,0,0,0,0,0,0,0,0,0
272625,2021-01-22 13:40:11,992,48,0,0,1,0,0,0,0,0,0,0,0,0,0,0,0
272647,2021-01-22 14:00:04,1006,47,0,0,0,0,1,0,0,0,0,0,0,0,0,0,0
272674,2021-01-22 14:20:07,1159,46,0,0,1,0,0,0,0,0,0,0,0,0,0,0,0
272721,2021-01-22 15:00:09,1320,45,0,0,1,0,0,0,0,0,0,0,0,0,0,0,0
272767,2021-01-22 15:20:12,1346,44,0,0,1,0,0,0,0,0,0,0,0,0,0,0,0
272849,2021-01-22 16:00:11,1353,43,0,0,1,0,0,0,0,0,0,0,0,0,0,0,0
272925,2021-01-22 16:50:09,1390,41,0,0,1,0,0,0,0,0,0,0,0,0,0,0,0
272945,2021-01-22 17:11:08,1423,40,0,0,1,0,0,0,0,0,0,0,0,0,0,0,0
272950,2021-01-22 17:20:10,1447,40,0,0,1,0,0,0,0,0,0,0,0,0,0,0,0
272978,2021-01-22 17:40:11,1481,39,0,0,1,0,0,0,0,0,0,0,0,0,0,0,0
272992,2021-01-22 17:50:11,1491,39,0,0,1,0,0,0,0,0,0,0,0,0,0,0,0
273060,2021-01-22 18:57:50,1535,35,0,0,0,0,1,0,0,0,0,0,0,0,0,0,0
273065,2021-01-22 19:00:09,1545,36,0,0,1,0,0,0,0,0,0,0,0,0,0,0,0
273094,2021-01-22 19:30:13,1553,36,0,0,1,0,0,0,0,0,0,0,0,0,0,0,0
273101,2021-01-22 19:40:09,1586,35,0,0,1,0,0,0,0,0,0,0,0,0,0,0,0
273117,2021-01-22 21:00:09,1595,34,0,0,1,0,0,0,0,0,0,0,0,0,0,0,0
273120,2021-01-22 21:10:15,1644,33,0,0,0,0,0,1,0,0,0,0,0,0,0,0,0
273134,2021-01-22 22:20:10,1903,46,1,0,1,0,0,0,0,0,0,0,0,0,0,0,0
273211,2021-01-23 08:00:06,59,66,0,0,1,0,0,0,0,0,0,0,0,0,0,0,0
273217,2021-01-23 08:10:09,230,66,0,0,1,0,0,0,0,0,0,0,0,0,0,0,0
273268,2021-01-23 09:20:12,244,65,0,0,1,0,0,0,0,0,0,0,0,0,0,0,0
273277,2021-01-23 09:30:10,251,64,0,0,1,0,0,0,0,0,0,0,0,0,0,0,0
273292,2021-01-23 09:50:09,265,63,0,0,1,0,0,0,0,0,0,0,0,0,0,0,0
273302,2021-01-23 10:00:11,272,63,0,0,0,0,1,0,0,0,0,0,0,0,0,0,0
273320,2021-01-23 10:10:10,315,62,0,0,1,0,0,0,0,0,0,0,0,0,0,0,0
273329,2021-01-23 10:21:43,415,62,0,0,1,0,0,0,0,0,0,0,0,0,0,0,0
273360,2021-01-23 10:42:11,463,62,0,0,1,0,0,0,0,0,0,0,0,0,0,0,0
273372,2021-01-23 10:50:32,533,61,0,0,1,0,0,0,0,0,0,0,0,0,0,0,0
273384,2021-01-23 11:00:11,605,61,0,0,1,0,0,0,0,0,0,0,0,0,0,0,0
273394,2021-01-23 11:12:46,744,60,0,0,1,0,0,0,0,0,0,0,0,0,0,0,0
273404,2021-01-23 11:20:06,1226,61,0,0,1,0,0,0,0,0,0,0,0,0,0,0,0
273410,2021-01-23 11:22:16,1479,61,0,0,0,0,1,0,0,0,0,0,0,0,0,0,0
273419,2021-01-23 11:30:09,2129,61,0,0,1,0,0,0,0,0,0,0,0,0,0,0,0
273431,2021-01-23 11:40:08,3143,60,0,0,1,0,0,0,0,0,0,0,0,0,0,0,0
273439,2021-01-23 11:50:07,4352,60,0,0,1,0,0,0,0,0,0,0,0,0,0,0,0
273452,2021-01-23 12:00:08,5181,58,0,0,1,0,0,0,0,0,0,0,0,0,0,0,0
273460,2021-01-23 12:10:07,6102,58,0,0,1,0,0,0,0,0,0,0,0,0,0,0,0
273470,2021-01-23 12:22:05,7141,58,0,0,1,0,0,0,0,0,0,0,0,0,0,0,0
273483,2021-01-23 12:30:07,7435,57,0,0,1,0,0,0,0,0,0,0,0,0,0,0,0
273488,2021-01-23 12:38:40,8188,57,0,0,0,0,0,0,0,0,0,0,0,0,1,0,0
273489,2021-01-23 12:38:50,8203,57,0,0,0,0,0,0,0,0,0,0,0,0,1,0,0
273490,2021-01-23 12:38:59,8207,56,0,0,0,0,0,0,0,0,0,0,0,0,1,0,0
273498,2021-01-23 12:50:08,8871,57,0,0,1,0,0,0,0,0,0,0,0,0,0,0,0
273504,2021-01-23 13:00:21,9694,57,0,0,1,0,0,0,0,0,0,0,0,0,0,0,0
273512,2021-01-23 13:10:08,10301,56,0,0,1,0,0,0,0,0,0,0,0,0,0,0,0
273531,2021-01-23 13:30:08,10809,57,0,0,1,0,0,0,0,0,0,0,0,0,0,0,0
273541,2021-01-23 13:40:33,11411,55,0,0,1,0,0,0,0,0,0,0,0,0,0,0,0
273553,2021-01-23 13:50:07,12107,55,0,0,1,0,0,0,0,0,0,0,0,0,0,0,0
273566,2021-01-23 14:00:06,13057,55,0,0,1,0,0,0,0,0,0,0,0,0,0,0,0
273577,2021-01-23 14:10:05,14020,55,0,0,1,0,0,0,0,0,0,0,0,0,0,0,0
273591,2021-01-23 14:20:07,15089,54,0,0,1,0,0,0,0,0,0,0,0,0,0,0,0
273608,2021-01-23 14:40:08,16002,53,0,0,1,0,0,0,0,0,0,0,0,0,0,0,0
273780,2021-01-23 17:02:23,16019,49,0,0,0,0,1,0,0,0,0,0,0,0,0,0,0
273794,2021-01-23 17:10:11,16027,49,0,0,1,0,0,0,0,0,0,0,0,0,0,0,0
273826,2021-01-23 17:40:10,16040,47,0,0,1,0,0,0,0,0,0,0,0,0,0,0,0
273838,2021-01-23 17:50:05,16048,48,0,0,1,0,0,0,0,0,0,0,0,0,0,0,0
273870,2021-01-23 18:20:08,16059,47,0,0,1,0,0,0,0,0,0,0,0,0,0,0,0
273889,2021-01-23 18:40:08,16068,45,0,0,1,0,0,0,0,0,0,0,0,0,0,0,0
273899,2021-01-23 18:50:08,16075,45,0,0,1,0,0,0,0,0,0,0,0,0,0,0,0
273941,2021-01-23 19:50:16,16089,43,0,0,1,0,0,0,0,0,0,0,0,0,0,0,0
273972,2021-01-23 21:00:10,16112,39,0,0,1,0,0,0,0,0,0,0,0,0,0,0,0
273989,2021-01-23 21:45:08,16460,59,1,0,1,0,0,0,0,0,0,0,0,0,0,0,0
274036,2021-01-24 05:45:06,16,80,0,0,1,0,0,0,0,0,0,0,0,0,0,0,0
274049,2021-01-24 06:20:12,49,78,0,0,1,0,0,0,0,0,0,0,0,0,0,0,0
274051,2021-01-24 06:30:10,56,78,0,0,1,0,0,0,0,0,0,0,0,0,0,0,0
274105,2021-01-24 07:40:10,73,74,0,0,1,0,0,0,0,0,0,0,0,0,0,0,0
274112,2021-01-24 07:50:10,92,74,0,0,1,0,0,0,0,0,0,0,0,0,0,0,0
274118,2021-01-24 08:00:11,113,74,0,0,1,0,0,0,0,0,0,0,0,0,0,0,0
274141,2021-01-24 08:10:10,122,74,0,0,1,0,0,0,0,0,0,0,0,0,0,0,0
274149,2021-01-24 08:30:08,236,73,0,0,1,0,0,0,0,0,0,0,0,0,0,0,0
274157,2021-01-24 08:40:09,312,74,0,0,1,0,0,0,0,0,0,0,0,0,0,0,0
274164,2021-01-24 08:50:11,372,72,0,0,1,0,0,0,0,0,0,0,0,0,0,0,0
274170,2021-01-24 09:00:18,1195,73,0,0,1,0,0,0,0,0,0,0,0,0,0,0,0
274171,2021-01-24 09:00:55,1267,73,0,0,0,0,0,0,0,0,0,0,0,0,1,0,0
274173,2021-01-24 09:02:06,1383,74,0,0,0,0,0,0,0,0,0,0,0,0,1,0,0
274178,2021-01-24 09:07:29,1579,73,0,0,0,0,0,0,0,0,0,0,0,0,1,0,0
274189,2021-01-24 09:10:10,1629,71,0,0,1,0,0,0,0,0,0,0,0,0,0,0,0
274198,2021-01-24 09:20:08,1640,72,0,0,1,0,0,0,0,0,0,0,0,0,0,0,0
274212,2021-01-24 09:30:07,1651,71,0,0,1,0,0,0,0,0,0,0,0,0,0,0,0
274276,2021-01-24 10:30:11,1757,67,0,0,1,0,0,0,0,0,0,0,0,0,0,0,0
274284,2021-01-24 10:40:11,1959,67,0,0,1,0,0,0,0,0,0,0,0,0,0,0,0
274286,2021-01-24 10:42:39,2026,67,0,0,0,0,0,0,0,0,0,0,0,0,1,0,0
274287,2021-01-24 10:42:51,2030,67,0,0,0,0,0,0,0,0,0,0,0,0,1,0,0
274288,2021-01-24 10:45:51,2411,67,0,0,0,0,0,0,0,0,0,0,0,0,1,0,0
274289,2021-01-24 10:46:12,2456,68,0,0,0,0,0,0,0,0,0,0,0,0,1,0,0
274298,2021-01-24 11:00:07,3235,68,0,0,1,0,0,0,0,0,0,0,0,0,0,0,0
274306,2021-01-24 11:10:10,3369,67,0,0,1,0,0,0,0,0,0,0,0,0,0,0,0
274320,2021-01-24 11:30:09,3434,67,0,0,1,0,0,0,0,0,0,0,0,0,0,0,0
274330,2021-01-24 11:40:06,4009,66,0,0,1,0,0,0,0,0,0,0,0,0,0,0,0
274341,2021-01-24 11:50:06,4742,66,0,0,1,0,0,0,0,0,0,0,0,0,0,0,0
274358,2021-01-24 12:00:07,5859,66,0,0,1,0,0,0,0,0,0,0,0,0,0,0,0
274364,2021-01-24 12:10:06,7012,65,0,0,1,0,0,0,0,0,0,0,0,0,0,0,0
274370,2021-01-24 12:20:05,8086,66,0,0,1,0,0,0,0,0,0,0,0,0,0,0,0
274373,2021-01-24 12:23:46,8404,66,0,0,0,0,1,0,0,0,0,0,0,0,0,0,0
274381,2021-01-24 12:30:08,9119,65,0,0,1,0,0,0,0,0,0,0,0,0,0,0,0
274394,2021-01-24 12:40:12,10211,64,0,0,1,0,0,0,0,0,0,0,0,0,0,0,0
274413,2021-01-24 12:50:07,10672,64,0,0,1,0,0,0,0,0,0,0,0,0,0,0,0
274432,2021-01-24 13:10:07,10925,63,0,0,1,0,0,0,0,0,0,0,0,0,0,0,0
274436,2021-01-24 13:11:45,11049,64,0,0,0,0,1,0,0,0,0,0,0,0,0,0,0
274448,2021-01-24 13:20:05,11610,63,0,0,1,0,0,0,0,0,0,0,0,0,0,0,0
274459,2021-01-24 13:30:07,11670,63,0,0,1,0,0,0,0,0,0,0,0,0,0,0,0
274469,2021-01-24 13:40:07,12643,62,0,0,1,0,0,0,0,0,0,0,0,0,0,0,0
274480,2021-01-24 13:50:07,13515,62,0,0,1,0,0,0,0,0,0,0,0,0,0,0,0
274491,2021-01-24 14:00:06,14479,63,0,0,1,0,0,0,0,0,0,0,0,0,0,0,0
274500,2021-01-24 14:10:07,15443,61,0,0,1,0,0,0,0,0,0,0,0,0,0,0,0
274503,2021-01-24 14:11:30,15558,61,0,0,0,0,1,0,0,0,0,0,0,0,0,0,0
274511,2021-01-24 14:20:06,16301,62,0,0,1,0,0,0,0,0,0,0,0,0,0,0,0
274525,2021-01-24 14:30:50,17097,61,0,0,1,0,0,0,0,0,0,0,0,0,0,0,0
274527,2021-01-24 14:37:06,17420,60,0,0,0,0,1,0,0,0,0,0,0,0,0,0,0
274604,2021-01-24 15:30:10,17473,59,0,0,1,0,0,0,0,0,0,0,0,0,0,0,0
274620,2021-01-24 15:40:10,17519,58,0,0,1,0,0,0,0,0,0,0,0,0,0,0,0
274629,2021-01-24 15:50:12,17528,58,0,0,1,0,0,0,0,0,0,0,0,0,0,0,0
274641,2021-01-24 16:00:12,17537,57,0,0,1,0,0,0,0,0,0,0,0,0,0,0,0
274650,2021-01-24 16:10:11,17719,57,0,0,1,0,0,0,0,0,0,0,0,0,0,0,0
274662,2021-01-24 16:20:13,17897,57,0,0,1,0,0,0,0,0,0,0,0,0,0,0,0
274704,2021-01-24 16:50:11,18120,56,0,0,1,0,0,0,0,0,0,0,0,0,0,0,0
274713,2021-01-24 17:00:12,18198,55,0,0,1,0,0,0,0,0,0,0,0,0,0,0,0
274741,2021-01-24 17:20:07,18215,55,0,0,1,0,0,0,0,0,0,0,0,0,0,0,0
274769,2021-01-24 17:50:07,18250,55,0,0,1,0,0,0,0,0,0,0,0,0,0,0,0
274809,2021-01-24 18:40:08,18267,51,0,0,1,0,0,0,0,0,0,0,0,0,0,0,0
274813,2021-01-24 18:50:16,18299,51,0,0,1,0,0,0,0,0,0,0,0,0,0,0,0
274823,2021-01-24 19:00:09,18314,51,0,0,1,0,0,0,0,0,0,0,0,0,0,0,0
274831,2021-01-24 19:10:08,18334,51,0,0,1,0,0,0,0,0,0,0,0,0,0,0,0
274850,2021-01-24 19:30:08,18341,50,0,0,1,0,0,0,0,0,0,0,0,0,0,0,0
274882,2021-01-24 20:50:09,18358,48,0,0,1,0,0,0,0,0,0,0,0,0,0,0,0
274898,2021-01-24 21:43:46,18429,69,1,0,1,0,0,0,0,0,0,0,0,0,0,0,0
274974,2021-01-25 08:30:11,96,72,0,0,1,0,0,0,0,0,0,0,0,0,0,0,0
274980,2021-01-25 08:40:06,274,70,0,0,1,0,0,0,0,0,0,0,0,0,0,0,0
274985,2021-01-25 08:48:57,1115,71,0,0,0,0,0,0,0,0,0,0,0,0,1,0,0
274986,2021-01-25 08:49:09,1129,70,0,0,0,0,0,0,0,0,0,0,0,0,1,0,0
274990,2021-01-25 08:50:10,1179,71,0,0,1,0,0,0,0,0,0,0,0,0,0,0,0
274997,2021-01-25 08:54:03,1187,71,0,0,0,0,0,0,0,0,0,0,0,0,1,0,0
275005,2021-01-25 09:07:10,1289,70,0,0,0,0,0,0,0,0,0,0,0,0,1,0,0
275006,2021-01-25 09:07:19,1301,71,0,0,0,0,0,0,0,0,0,0,0,0,1,0,0
275007,2021-01-25 09:08:38,1442,70,0,0,0,0,0,0,0,0,0,0,0,0,1,0,0
275008,2021-01-25 09:09:41,1468,70,0,0,0,0,0,0,0,0,0,0,0,0,1,0,0
275017,2021-01-25 09:24:21,1476,69,0,0,0,0,0,0,0,0,0,0,0,0,1,0,0
275050,2021-01-25 09:59:20,1495,68,0,0,0,0,0,0,0,0,0,0,0,0,1,0,0
275060,2021-01-25 10:05:05,1522,67,0,0,0,0,0,0,0,0,0,0,0,0,1,0,0
275067,2021-01-25 10:06:55,1670,67,0,0,0,0,0,0,0,0,0,0,0,0,1,0,0
275074,2021-01-25 10:10:07,1682,67,0,0,1,0,0,0,0,0,0,0,0,0,0,0,0
275105,2021-01-25 10:36:59,1694,66,0,0,0,0,0,0,0,0,0,0,0,0,1,0,0
275112,2021-01-25 10:45:10,1711,66,0,0,0,0,0,0,0,0,0,0,0,0,1,0,0
275113,2021-01-25 10:45:20,1722,66,0,0,0,0,0,0,0,0,0,0,0,0,1,0,0
275114,2021-01-25 10:45:51,1745,66,0,0,0,0,0,0,0,0,0,0,0,0,1,0,0
275115,2021-01-25 10:46:10,1760,66,0,0,0,0,0,0,0,0,0,0,0,0,1,0,0
275116,2021-01-25 10:47:00,1776,66,0,0,0,0,0,0,0,0,0,0,0,0,1,0,0
275117,2021-01-25 10:47:39,1794,66,0,0,0,0,0,0,0,0,0,0,0,0,1,0,0
275118,2021-01-25 10:48:18,1814,66,0,0,0,0,0,0,0,0,0,0,0,0,1,0,0
275119,2021-01-25 10:48:30,1833,66,0,0,0,0,0,0,0,0,0,0,0,0,1,0,0
275120,2021-01-25 10:48:39,1855,66,0,0,0,0,0,0,0,0,0,0,0,0,1,0,0
275121,2021-01-25 10:49:57,1954,66,0,0,0,0,0,0,0,0,0,0,0,0,1,0,0
275125,2021-01-25 10:50:07,1978,65,0,0,0,0,0,0,0,0,0,0,0,0,1,0,0
275126,2021-01-25 10:50:18,1997,66,0,0,0,0,0,0,0,0,0,0,0,0,1,0,0
275127,2021-01-25 10:50:28,2008,66,0,0,0,0,0,0,0,0,0,0,0,0,1,0,0
275128,2021-01-25 10:50:37,2032,66,0,0,0,0,0,0,0,0,0,0,0,0,1,0,0
275129,2021-01-25 10:50:47,2043,66,0,0,0,0,0,0,0,0,0,0,0,0,1,0,0
275154,2021-01-25 11:12:53,2073,65,0,0,0,0,0,0,0,0,0,0,0,0,1,0,0
275155,2021-01-25 11:13:03,2089,66,0,0,0,0,0,0,0,0,0,0,0,0,1,0,0
275156,2021-01-25 11:13:13,2107,65,0,0,0,0,0,0,0,0,0,0,0,0,1,0,0
275157,2021-01-25 11:13:23,2123,65,0,0,0,0,0,0,0,0,0,0,0,0,1,0,0
275159,2021-01-25 11:13:33,2138,66,0,0,0,0,0,0,0,0,0,0,0,0,1,0,0
275160,2021-01-25 11:13:43,2147,66,0,0,0,0,0,0,0,0,0,0,0,0,1,0,0
275161,2021-01-25 11:13:52,2171,65,0,0,0,0,0,0,0,0,0,0,0,0,1,0,0
275162,2021-01-25 11:14:02,2192,65,0,0,0,0,0,0,0,0,0,0,0,0,1,0,0
275176,2021-01-25 11:18:19,2343,66,0,0,0,0,0,0,0,0,0,0,0,0,1,0,0
275182,2021-01-25 11:20:08,2505,66,0,0,1,0,0,0,0,0,0,0,0,0,0,0,0
275198,2021-01-25 11:29:49,3326,64,0,0,0,0,0,0,0,0,0,0,0,0,1,0,0
275201,2021-01-25 11:30:08,3335,65,0,0,0,0,0,0,0,0,0,0,0,0,1,0,0
275210,2021-01-25 11:33:46,3398,65,0,0,0,0,0,0,0,0,0,0,0,0,1,0,0
275211,2021-01-25 11:33:57,3413,65,0,0,0,0,0,0,0,0,0,0,0,0,1,0,0
275212,2021-01-25 11:34:07,3425,66,0,0,0,0,0,0,0,0,0,0,0,0,1,0,0
275214,2021-01-25 11:34:17,3438,65,0,0,0,0,0,0,0,0,0,0,0,0,1,0,0
275226,2021-01-25 11:40:08,3899,66,0,0,1,0,0,0,0,0,0,0,0,0,0,0,0
275254,2021-01-25 11:50:09,4565,65,0,0,1,0,0,0,0,0,0,0,0,0,0,0,0
275276,2021-01-25 12:00:08,5364,65,0,0,1,0,0,0,0,0,0,0,0,0,0,0,0
275303,2021-01-25 12:10:09,5956,65,0,0,1,0,0,0,0,0,0,0,0,0,0,0,0
275304,2021-01-25 12:11:10,6027,65,0,0,0,0,1,0,0,0,0,0,0,0,0,0,0
275310,2021-01-25 12:20:06,6661,64,0,0,1,0,0,0,0,0,0,0,0,0,0,0,0
275326,2021-01-25 12:30:06,7203,63,0,0,1,0,0,0,0,0,0,0,0,0,0,0,0
275336,2021-01-25 12:40:11,7283,63,0,0,1,0,0,0,0,0,0,0,0,0,0,0,0
275396,2021-01-25 13:24:34,7292,60,0,0,0,0,0,0,0,0,0,0,0,0,1,0,0
275471,2021-01-25 14:20:07,7321,58,0,0,1,0,0,0,0,0,0,0,0,0,0,0,0
275485,2021-01-25 14:24:02,7416,58,0,0,0,0,0,0,0,0,0,0,0,0,1,0,0
275491,2021-01-25 14:29:28,7778,58,0,0,0,0,0,0,0,0,0,0,0,0,1,0,0
275504,2021-01-25 14:30:08,7834,58,0,0,1,0,0,0,0,0,0,0,0,0,0,0,0
275508,2021-01-25 14:32:09,7993,58,0,0,0,0,0,0,0,0,0,0,0,0,1,0,0
275519,2021-01-25 14:40:06,8517,58,0,0,1,0,0,0,0,0,0,0,0,0,0,0,0
275535,2021-01-25 14:50:07,9035,58,0,0,1,0,0,0,0,0,0,0,0,0,0,0,0
275536,2021-01-25 14:50:19,9051,60,0,0,0,0,0,0,0,0,0,0,0,0,1,0,0
275538,2021-01-25 14:50:29,9063,58,0,0,0,0,0,0,0,0,0,0,0,0,1,0,0
275539,2021-01-25 14:50:39,9076,58,0,0,0,0,0,0,0,0,0,0,0,0,1,0,0
275540,2021-01-25 14:50:49,9090,58,0,0,0,0,0,0,0,0,0,0,0,0,1,0,0
275542,2021-01-25 14:51:57,9169,59,0,0,0,0,0,0,0,0,0,0,0,0,1,0,0
275543,2021-01-25 14:52:07,9177,59,0,0,0,0,0,0,0,0,0,0,0,0,1,0,0
275544,2021-01-25 14:53:45,9257,59,0,0,0,0,0,0,0,0,0,0,0,0,1,0,0
275546,2021-01-25 14:53:55,9272,58,0,0,0,0,0,0,0,0,0,0,0,0,1,0,0
275547,2021-01-25 14:54:05,9279,58,0,0,0,0,0,0,0,0,0,0,0,0,1,0,0
275548,2021-01-25 14:54:15,9291,58,0,0,0,0,0,0,0,0,0,0,0,0,1,0,0
275549,2021-01-25 14:54:54,9336,58,0,0,0,0,0,0,0,0,0,0,0,0,1,0,0
275550,2021-01-25 14:55:24,9363,58,0,0,0,0,0,0,0,0,0,0,0,0,1,0,0
275551,2021-01-25 14:55:34,9375,57,0,0,0,0,0,0,0,0,0,0,0,0,1,0,0
275552,2021-01-25 14:56:13,9418,59,0,0,0,0,0,0,0,0,0,0,0,0,1,0,0
275556,2021-01-25 14:57:51,9470,58,0,0,0,0,1,0,0,0,0,0,0,0,0,0,0
275566,2021-01-25 15:00:10,9684,58,0,0,1,0,0,0,0,0,0,0,0,0,0,0,0
275570,2021-01-25 15:02:07,9871,58,0,0,0,0,0,0,0,0,0,0,0,0,1,0,0
275571,2021-01-25 15:02:18,9883,58,0,0,0,0,0,0,0,0,0,0,0,0,1,0,0
275574,2021-01-25 15:03:36,9986,57,0,0,0,0,0,0,0,0,0,0,0,0,1,0,0
275575,2021-01-25 15:03:56,10001,58,0,0,0,0,0,0,0,0,0,0,0,0,1,0,0
275577,2021-01-25 15:04:05,10020,58,0,0,0,0,0,0,0,0,0,0,0,0,1,0,0
275579,2021-01-25 15:06:04,10228,57,0,0,0,0,0,0,0,0,0,0,0,0,1,0,0
275580,2021-01-25 15:06:15,10237,58,0,0,0,0,0,0,0,0,0,0,0,0,1,0,0
275581,2021-01-25 15:08:05,10431,58,0,0,0,0,0,0,0,0,0,0,0,0,1,0,0
275582,2021-01-25 15:08:15,10450,58,0,0,0,0,0,0,0,0,0,0,0,0,1,0,0
275583,2021-01-25 15:08:24,10469,59,0,0,0,0,0,0,0,0,0,0,0,0,1,0,0
275585,2021-01-25 15:08:34,10488,58,0,0,0,0,0,0,0,0,0,0,0,0,1,0,0
275586,2021-01-25 15:08:44,10507,58,0,0,0,0,0,0,0,0,0,0,0,0,1,0,0
275588,2021-01-25 15:08:53,10526,57,0,0,0,0,0,0,0,0,0,0,0,0,1,0,0
275589,2021-01-25 15:09:03,10544,57,0,0,0,0,0,0,0,0,0,0,0,0,1,0,0
275590,2021-01-25 15:09:13,10563,59,0,0,0,0,0,0,0,0,0,0,0,0,1,0,0
275591,2021-01-25 15:09:23,10580,57,0,0,0,0,0,0,0,0,0,0,0,0,1,0,0
275593,2021-01-25 15:09:34,10597,58,0,0,0,0,0,0,0,0,0,0,0,0,1,0,0
275594,2021-01-25 15:09:44,10615,59,0,0,0,0,0,0,0,0,0,0,0,0,1,0,0
275595,2021-01-25 15:09:55,10633,58,0,0,0,0,0,0,0,0,0,0,0,0,1,0,0
275596,2021-01-25 15:10:05,10652,57,0,0,0,0,0,0,0,0,0,0,0,0,1,0,0
275600,2021-01-25 15:10:10,10656,58,0,0,1,0,0,0,0,0,0,0,0,0,0,0,0
275602,2021-01-25 15:10:14,10670,59,0,0,0,0,0,0,0,0,0,0,0,0,1,0,0
275603,2021-01-25 15:10:24,10688,58,0,0,0,0,0,0,0,0,0,0,0,0,1,0,0
275604,2021-01-25 15:10:34,10707,57,0,0,0,0,0,0,0,0,0,0,0,0,1,0,0
275605,2021-01-25 15:10:45,10726,57,0,0,0,0,0,0,0,0,0,0,0,0,1,0,0
275606,2021-01-25 15:10:54,10745,58,0,0,0,0,0,0,0,0,0,0,0,0,1,0,0
275607,2021-01-25 15:11:05,10764,57,0,0,0,0,0,0,0,0,0,0,0,0,1,0,0
275609,2021-01-25 15:11:14,10784,58,0,0,0,0,0,0,0,0,0,0,0,0,1,0,0
275610,2021-01-25 15:11:24,10801,57,0,0,0,0,0,0,0,0,0,0,0,0,1,0,0
275611,2021-01-25 15:11:34,10820,58,0,0,0,0,0,0,0,0,0,0,0,0,1,0,0
275612,2021-01-25 15:11:44,10836,58,0,0,0,0,0,0,0,0,0,0,0,0,1,0,0
275613,2021-01-25 15:11:54,10849,58,0,0,0,0,0,0,0,0,0,0,0,0,1,0,0
275615,2021-01-25 15:13:10,10953,58,0,0,0,0,0,0,0,0,0,0,0,0,1,0,0
275616,2021-01-25 15:13:20,10970,58,0,0,0,0,0,0,0,0,0,0,0,0,1,0,0
275617,2021-01-25 15:13:30,10987,58,0,0,0,0,0,0,0,0,0,0,0,0,1,0,0
275622,2021-01-25 15:20:05,11530,58,0,0,1,0,0,0,0,0,0,0,0,0,0,0,0
275624,2021-01-25 15:23:50,11896,57,0,0,0,0,1,0,0,0,0,0,0,0,0,0,0
275628,2021-01-25 15:30:09,12500,58,0,0,1,0,0,0,0,0,0,0,0,0,0,0,0
275629,2021-01-25 15:31:38,12613,56,0,0,0,0,0,0,0,0,0,0,0,0,1,0,0
275630,2021-01-25 15:32:29,12650,57,0,0,0,0,0,0,0,0,0,0,0,0,1,0,0
275633,2021-01-25 15:36:35,12683,56,0,0,0,0,0,0,0,0,0,0,0,0,1,0,0
275634,2021-01-25 15:38:13,12697,57,0,0,0,0,0,0,0,0,0,0,0,0,1,0,0
275654,2021-01-25 15:55:23,12781,55,0,0,0,0,0,0,0,0,0,0,0,0,1,0,0
275655,2021-01-25 15:55:33,12804,54,0,0,0,0,0,0,0,0,0,0,0,0,1,0,0
275656,2021-01-25 15:55:43,12825,54,0,0,0,0,0,0,0,0,0,0,0,0,1,0,0
275657,2021-01-25 15:55:54,12846,54,0,0,0,0,0,0,0,0,0,0,0,0,1,0,0
275658,2021-01-25 15:57:22,12960,54,0,0,0,0,0,0,0,0,0,0,0,0,1,0,0
275659,2021-01-25 15:57:44,12967,54,0,0,0,0,0,0,0,0,0,0,0,0,1,0,0
275717,2021-01-25 16:36:37,13088,53,0,0,0,0,0,0,0,0,0,0,0,0,1,0,0
275718,2021-01-25 16:36:47,13107,52,0,0,0,0,0,0,0,0,0,0,0,0,1,0,0
275719,2021-01-25 16:37:07,13129,54,0,0,0,0,0,0,0,0,0,0,0,0,1,0,0
275720,2021-01-25 16:37:47,13148,53,0,0,0,0,0,0,0,0,0,0,0,0,1,0,0
275721,2021-01-25 16:37:56,13165,52,0,0,0,0,0,0,0,0,0,0,0,0,1,0,0
275722,2021-01-25 16:38:06,13172,53,0,0,0,0,0,0,0,0,0,0,0,0,1,0,0
275727,2021-01-25 16:40:06,13180,53,0,0,1,0,0,0,0,0,0,0,0,0,0,0,0
275731,2021-01-25 16:42:01,13187,53,0,0,0,0,0,0,0,0,0,0,0,0,1,0,0
275783,2021-01-25 17:34:42,13204,52,0,0,0,0,0,0,0,0,0,0,0,0,1,0,0
275786,2021-01-25 17:35:20,13214,51,0,0,0,0,0,0,0,0,0,0,0,0,1,0,0
275787,2021-01-25 17:35:30,13224,52,0,0,0,0,0,0,0,0,0,0,0,0,1,0,0
275788,2021-01-25 17:35:50,13243,52,0,0,0,0,0,0,0,0,0,0,0,0,1,0,0
275789,2021-01-25 17:36:00,13264,51,0,0,0,0,0,0,0,0,0,0,0,0,1,0,0
275790,2021-01-25 17:36:10,13285,50,0,0,0,0,0,0,0,0,0,0,0,0,1,0,0
275791,2021-01-25 17:36:21,13301,51,0,0,0,0,0,0,0,0,0,0,0,0,1,0,0
275792,2021-01-25 17:36:30,13322,52,0,0,0,0,0,0,0,0,0,0,0,0,1,0,0
275793,2021-01-25 17:37:21,13355,52,0,0,0,0,0,0,0,0,0,0,0,0,1,0,0
275794,2021-01-25 17:38:41,13367,51,0,0,0,0,0,0,0,0,0,0,0,0,1,0,0
275796,2021-01-25 17:38:51,13387,51,0,0,0,0,0,0,0,0,0,0,0,0,1,0,0
275797,2021-01-25 17:39:01,13394,51,0,0,0,0,0,0,0,0,0,0,0,0,1,0,0
275800,2021-01-25 17:39:30,13447,52,0,0,0,0,0,0,0,0,0,0,0,0,1,0,0
275801,2021-01-25 17:39:40,13463,51,0,0,0,0,0,0,0,0,0,0,0,0,1,0,0
275802,2021-01-25 17:39:50,13477,51,0,0,0,0,0,0,0,0,0,0,0,0,1,0,0
275803,2021-01-25 17:40:00,13481,50,0,0,0,0,0,0,0,0,0,0,0,0,1,0,0
275811,2021-01-25 17:43:11,13491,51,0,0,0,0,1,0,0,0,0,0,0,0,0,0,0
275828,2021-01-25 17:55:55,13516,51,0,0,0,0,0,0,0,0,0,0,0,0,1,0,0
275830,2021-01-25 17:56:34,13543,50,0,0,0,0,0,0,0,0,0,0,0,0,1,0,0
275831,2021-01-25 17:56:54,13567,51,0,0,0,0,0,0,0,0,0,0,0,0,1,0,0
275832,2021-01-25 17:57:04,13586,51,0,0,0,0,0,0,0,0,0,0,0,0,1,0,0
275833,2021-01-25 17:57:14,13602,51,0,0,0,0,0,0,0,0,0,0,0,0,1,0,0
275834,2021-01-25 17:57:25,13618,51,0,0,0,0,0,0,0,0,0,0,0,0,1,0,0
275835,2021-01-25 17:57:55,13671,51,0,0,0,0,0,0,0,0,0,0,0,0,1,0,0
275836,2021-01-25 17:58:05,13691,50,0,0,0,0,0,0,0,0,0,0,0,0,1,0,0
275837,2021-01-25 17:58:15,13710,50,0,0,0,0,0,0,0,0,0,0,0,0,1,0,0
275838,2021-01-25 17:58:26,13730,51,0,0,0,0,0,0,0,0,0,0,0,0,1,0,0
275839,2021-01-25 17:58:34,13750,50,0,0,0,0,0,0,0,0,0,0,0,0,1,0,0
275843,2021-01-25 18:00:07,13936,50,0,0,1,0,0,0,0,0,0,0,0,0,0,0,0
275853,2021-01-25 18:10:10,14771,50,0,0,1,0,0,0,0,0,0,0,0,0,0,0,0
275868,2021-01-25 18:30:12,14794,50,0,0,1,0,0,0,0,0,0,0,0,0,0,0,0
275891,2021-01-25 19:10:31,14892,50,0,0,1,0,0,0,0,0,0,0,0,0,0,0,0
275929,2021-01-25 19:50:11,14904,48,0,0,1,0,0,0,0,0,0,0,0,0,0,0,0
275944,2021-01-25 20:13:13,14922,48,0,0,1,0,0,0,0,0,0,0,0,0,0,0,0
275965,2021-01-25 21:00:10,14938,45,0,0,1,0,0,0,0,0,0,0,0,0,0,0,0
275966,2021-01-25 21:02:20,14946,45,0,0,0,0,0,1,0,0,0,0,0,0,0,0,0
275973,2021-01-25 21:33:31,15071,76,1,0,1,0,0,0,0,0,0,0,0,0,0,0,0
275978,2021-01-25 22:10:11,15092,99,0,0,1,0,0,0,0,0,0,0,0,0,0,0,0
281036,2021-02-01 07:40:09,31,65,0,0,1,0,0,0,0,0,0,0,0,0,0,0,0
281040,2021-02-01 07:50:11,66,64,0,0,1,0,0,0,0,0,0,0,0,0,0,0,0
281053,2021-02-01 08:10:11,73,63,0,0,1,0,0,0,0,0,0,0,0,0,0,0,0
281089,2021-02-01 09:20:09,87,61,0,0,1,0,0,0,0,0,0,0,0,0,0,0,0
281143,2021-02-01 09:50:11,120,60,0,0,1,0,0,0,0,0,0,0,0,0,0,0,0
281164,2021-02-01 10:00:13,161,59,0,0,1,0,0,0,0,0,0,0,0,0,0,0,0
281192,2021-02-01 10:20:12,178,60,0,0,1,0,0,0,0,0,0,0,0,0,0,0,0
281201,2021-02-01 10:30:11,189,59,0,0,1,0,0,0,0,0,0,0,0,0,0,0,0
281208,2021-02-01 10:40:10,371,58,0,0,1,0,0,0,0,0,0,0,0,0,0,0,0
281218,2021-02-01 10:50:14,454,58,0,0,1,0,0,0,0,0,0,0,0,0,0,0,0
281252,2021-02-01 11:20:10,617,58,0,0,1,0,0,0,0,0,0,0,0,0,0,0,0
281266,2021-02-01 11:30:07,699,56,0,0,1,0,0,0,0,0,0,0,0,0,0,0,0
281283,2021-02-01 11:40:06,816,57,0,0,1,0,0,0,0,0,0,0,0,0,0,0,0
281297,2021-02-01 11:50:10,823,56,0,0,1,0,0,0,0,0,0,0,0,0,0,0,0
281310,2021-02-01 12:00:09,841,56,0,0,1,0,0,0,0,0,0,0,0,0,0,0,0
281326,2021-02-01 12:09:37,1281,55,0,0,0,0,0,0,0,0,0,0,0,0,1,0,0
281337,2021-02-01 12:20:07,1316,56,0,0,1,0,0,0,0,0,0,0,0,0,0,0,0
281356,2021-02-01 12:40:08,1350,54,0,0,1,0,0,0,0,0,0,0,0,0,0,0,0
281359,2021-02-01 12:42:17,1383,53,0,0,0,0,0,0,0,0,0,0,0,0,1,0,0
281360,2021-02-01 12:42:38,1409,54,0,0,0,0,0,0,0,0,0,0,0,0,1,0,0
281361,2021-02-01 12:42:48,1430,54,0,0,0,0,0,0,0,0,0,0,0,0,1,0,0
281362,2021-02-01 12:42:58,1450,55,0,0,0,0,0,0,0,0,0,0,0,0,1,0,0
281368,2021-02-01 12:50:07,2204,55,0,0,1,0,0,0,0,0,0,0,0,0,0,0,0
281376,2021-02-01 13:00:08,3201,54,0,0,1,0,0,0,0,0,0,0,0,0,0,0,0
281385,2021-02-01 13:06:26,3923,53,0,0,0,0,0,0,0,0,0,0,0,0,1,0,0
281386,2021-02-01 13:06:48,3962,54,0,0,0,0,0,0,0,0,0,0,0,0,1,0,0
281388,2021-02-01 13:06:58,3981,54,0,0,0,0,0,0,0,0,0,0,0,0,1,0,0
281392,2021-02-01 13:07:09,4003,52,0,0,0,0,0,0,0,0,0,0,0,0,1,0,0
281395,2021-02-01 13:07:20,4025,52,0,0,0,0,0,0,0,0,0,0,0,0,1,0,0
281399,2021-02-01 13:07:51,4087,54,0,0,0,0,0,0,0,0,0,0,0,0,1,0,0
281400,2021-02-01 13:08:01,4106,54,0,0,0,0,0,0,0,0,0,0,0,0,1,0,0
281401,2021-02-01 13:08:10,4126,54,0,0,0,0,0,0,0,0,0,0,0,0,1,0,0
281414,2021-02-01 13:10:10,4349,53,0,0,1,0,0,0,0,0,0,0,0,0,0,0,0
281463,2021-02-01 13:20:09,5444,53,0,0,1,0,0,0,0,0,0,0,0,0,0,0,0
281474,2021-02-01 13:30:10,6577,53,0,0,1,0,0,0,0,0,0,0,0,0,0,0,0
281486,2021-02-01 13:40:07,7655,53,0,0,1,0,0,0,0,0,0,0,0,0,0,0,0
281491,2021-02-01 13:43:44,8051,52,0,0,0,0,1,0,0,0,0,0,0,0,0,0,0
281495,2021-02-01 13:50:07,8340,53,0,0,1,0,0,0,0,0,0,0,0,0,0,0,0
281515,2021-02-01 14:10:05,8497,51,0,0,1,0,0,0,0,0,0,0,0,0,0,0,0
281527,2021-02-01 14:16:19,8777,52,0,0,0,0,1,0,0,0,0,0,0,0,0,0,0
281544,2021-02-01 14:20:08,9212,51,0,0,1,0,0,0,0,0,0,0,0,0,0,0,0
281546,2021-02-01 14:21:38,9372,51,0,0,0,0,0,0,0,0,0,0,0,0,1,0,0
281547,2021-02-01 14:23:18,9542,51,0,0,0,0,0,0,0,0,0,0,0,0,1,0,0
281548,2021-02-01 14:26:34,9839,51,0,0,0,0,0,0,0,0,0,0,0,0,1,0,0
281549,2021-02-01 14:26:44,9852,51,0,0,0,0,0,0,0,0,0,0,0,0,1,0,0
281550,2021-02-01 14:26:54,9857,52,0,0,0,0,0,0,0,0,0,0,0,0,1,0,0
281554,2021-02-01 14:30:11,10167,52,0,0,1,0,0,0,0,0,0,0,0,0,0,0,0
281566,2021-02-01 14:38:10,10981,51,0,0,0,0,0,0,0,0,0,0,0,0,1,0,0
281574,2021-02-01 14:40:10,11195,51,0,0,1,0,0,0,0,0,0,0,0,0,0,0,0
281577,2021-02-01 14:41:08,11295,51,0,0,0,0,0,0,0,0,0,0,0,0,1,0,0
281578,2021-02-01 14:41:20,11311,51,0,0,0,0,0,0,0,0,0,0,0,0,1,0,0
281580,2021-02-01 14:43:08,11511,51,0,0,0,0,0,0,0,0,0,0,0,0,1,0,0
281591,2021-02-01 14:50:07,12279,51,0,0,1,0,0,0,0,0,0,0,0,0,0,0,0
281602,2021-02-01 15:00:12,13049,50,0,0,1,0,0,0,0,0,0,0,0,0,0,0,0
281604,2021-02-01 15:02:09,13196,50,0,0,0,0,1,0,0,0,0,0,0,0,0,0,0
281611,2021-02-01 15:04:10,13211,50,0,0,0,0,1,0,0,0,0,0,0,0,0,0,0
281632,2021-02-01 15:20:06,13219,50,0,0,1,0,0,0,0,0,0,0,0,0,0,0,0
281656,2021-02-01 15:30:06,13228,50,0,0,1,0,0,0,0,0,0,0,0,0,0,0,0
281714,2021-02-01 16:10:10,13338,48,0,0,1,0,0,0,0,0,0,0,0,0,0,0,0
281719,2021-02-01 16:15:41,13789,48,0,0,0,0,0,0,0,0,0,0,0,0,1,0,0
281726,2021-02-01 16:20:12,13812,48,0,0,1,0,0,0,0,0,0,0,0,0,0,0,0
281727,2021-02-01 16:23:04,13819,48,0,0,0,0,0,0,0,0,0,0,0,0,1,0,0
281735,2021-02-01 16:29:59,13841,48,0,0,0,0,0,0,0,0,0,0,0,0,1,0,0
281740,2021-02-01 16:30:12,13862,47,0,0,1,0,0,0,0,0,0,0,0,0,0,0,0
281742,2021-02-01 16:31:38,14024,47,0,0,0,0,0,0,0,0,0,0,0,0,1,0,0
281743,2021-02-01 16:31:46,14041,48,0,0,0,0,0,0,0,0,0,0,0,0,1,0,0
281744,2021-02-01 16:32:15,14101,47,0,0,0,0,0,0,0,0,0,0,0,0,1,0,0
281745,2021-02-01 16:32:25,14121,47,0,0,0,0,0,0,0,0,0,0,0,0,1,0,0
281754,2021-02-01 16:40:09,14942,48,0,0,1,0,0,0,0,0,0,0,0,0,0,0,0
281761,2021-02-01 16:44:11,15121,48,0,0,0,0,1,0,0,0,0,0,0,0,0,0,0
281787,2021-02-01 17:00:10,15261,46,0,0,1,0,0,0,0,0,0,0,0,0,0,0,0
281801,2021-02-01 17:20:08,15290,46,0,0,1,0,0,0,0,0,0,0,0,0,0,0,0
281899,2021-02-01 18:59:06,15319,41,0,0,1,0,0,0,0,0,0,0,0,0,0,0,0
281917,2021-02-01 19:18:07,15358,41,0,0,1,0,0,0,0,0,0,0,0,0,0,0,0
281923,2021-02-01 19:28:06,15381,41,0,0,1,0,0,0,0,0,0,0,0,0,0,0,0
281942,2021-02-01 19:58:05,15490,39,0,0,1,0,0,0,0,0,0,0,0,0,0,0,0
281961,2021-02-01 20:18:04,15517,38,0,0,1,0,0,0,0,0,0,0,0,0,0,0,0
281969,2021-02-01 20:28:05,15528,39,0,0,1,0,0,0,0,0,0,0,0,0,0,0,0
281978,2021-02-01 21:08:06,15543,37,0,0,1,0,0,0,0,0,0,0,0,0,0,0,0
281987,2021-02-01 21:18:05,15561,35,0,0,1,0,0,0,0,0,0,0,0,0,0,0,0
281993,2021-02-01 21:33:04,15598,36,0,0,1,0,0,0,0,0,0,0,0,0,0,0,0
282006,2021-02-01 22:40:54,15626,85,0,0,0,0,1,0,0,0,0,0,0,0,0,0,0
282067,2021-02-02 07:38:07,54,65,0,0,1,0,0,0,0,0,0,0,0,0,0,0,0
282091,2021-02-02 08:22:32,76,61,0,0,1,0,0,0,0,0,0,0,0,0,0,0,0
282095,2021-02-02 08:30:45,84,62,0,0,1,0,0,0,0,0,0,0,0,0,0,0,0
282110,2021-02-02 08:58:05,98,62,0,0,1,0,0,0,0,0,0,0,0,0,0,0,0
282117,2021-02-02 09:08:07,107,61,0,0,1,0,0,0,0,0,0,0,0,0,0,0,0
282161,2021-02-02 10:08:05,136,60,0,0,1,0,0,0,0,0,0,0,0,0,0,0,0
282188,2021-02-02 10:48:18,143,57,0,0,1,0,0,0,0,0,0,0,0,0,0,0,0
282226,2021-02-02 11:28:06,298,58,0,0,1,0,0,0,0,0,0,0,0,0,0,0,0
282237,2021-02-02 11:38:07,305,56,0,0,1,0,0,0,0,0,0,0,0,0,0,0,0
282254,2021-02-02 11:58:08,340,55,0,0,1,0,0,0,0,0,0,0,0,0,0,0,0
282326,2021-02-02 12:28:08,508,54,0,0,1,0,0,0,0,0,0,0,0,0,0,0,0
282344,2021-02-02 12:40:40,541,53,0,0,1,0,0,0,0,0,0,0,0,0,0,0,0
282357,2021-02-02 12:58:06,548,53,0,0,1,0,0,0,0,0,0,0,0,0,0,0,0
282364,2021-02-02 13:08:05,562,53,0,0,1,0,0,0,0,0,0,0,0,0,0,0,0
282372,2021-02-02 13:18:07,573,53,0,0,1,0,0,0,0,0,0,0,0,0,0,0,0
282379,2021-02-02 13:22:53,644,52,0,0,0,0,1,0,0,0,0,0,0,0,0,0,0
282401,2021-02-02 13:38:04,922,51,0,0,1,0,0,0,0,0,0,0,0,0,0,0,0
282416,2021-02-02 13:48:04,1689,51,0,0,1,0,0,0,0,0,0,0,0,0,0,0,0
282422,2021-02-02 13:49:38,1878,51,0,0,0,0,0,0,0,0,0,0,0,0,1,0,0
282424,2021-02-02 13:49:50,1891,52,0,0,0,0,0,0,0,0,0,0,0,0,1,0,0
282429,2021-02-02 13:51:08,1956,50,0,0,0,0,0,0,0,0,0,0,0,0,1,0,0
282436,2021-02-02 13:55:34,1965,52,0,0,0,0,0,0,0,0,0,0,0,0,1,0,0
282450,2021-02-02 14:02:36,2146,50,0,0,0,0,0,0,0,0,0,0,0,0,1,0,0
282463,2021-02-02 14:08:10,2547,51,0,0,1,0,0,0,0,0,0,0,0,0,0,0,0
282483,2021-02-02 14:18:35,3262,52,0,0,1,0,0,0,0,0,0,0,0,0,0,0,0
282494,2021-02-02 14:23:34,3616,52,0,0,0,0,0,0,0,0,0,0,0,0,1,0,0
282496,2021-02-02 14:24:15,3681,51,0,0,0,0,0,0,0,0,0,0,0,0,1,0,0
282501,2021-02-02 14:28:06,3731,51,0,0,1,0,0,0,0,0,0,0,0,0,0,0,0
282508,2021-02-02 14:33:24,3901,50,0,0,0,0,0,0,0,0,0,0,0,0,1,0,0
282509,2021-02-02 14:33:34,3919,50,0,0,0,0,0,0,0,0,0,0,0,0,1,0,0
282516,2021-02-02 14:38:05,4433,50,0,0,1,0,0,0,0,0,0,0,0,0,0,0,0
282529,2021-02-02 14:48:03,4943,50,0,0,1,0,0,0,0,0,0,0,0,0,0,0,0
282538,2021-02-02 14:58:05,5025,50,0,0,1,0,0,0,0,0,0,0,0,0,0,0,0
282542,2021-02-02 15:00:05,5032,50,0,0,0,0,1,0,0,0,0,0,0,0,0,0,0
282551,2021-02-02 15:08:06,5046,50,0,0,1,0,0,0,0,0,0,0,0,0,0,0,0
282608,2021-02-02 15:58:06,5061,48,0,0,1,0,0,0,0,0,0,0,0,0,0,0,0
282706,2021-02-02 16:58:04,5073,45,0,0,1,0,0,0,0,0,0,0,0,0,0,0,0
282759,2021-02-02 18:38:05,5095,42,0,0,1,0,0,0,0,0,0,0,0,0,0,0,0
282765,2021-02-02 18:48:06,5109,42,0,0,1,0,0,0,0,0,0,0,0,0,0,0,0
282798,2021-02-02 19:28:05,5152,40,0,0,1,0,0,0,0,0,0,0,0,0,0,0,0
282815,2021-02-02 20:58:10,5159,37,0,0,1,0,0,0,0,0,0,0,0,0,0,0,0
282817,2021-02-02 21:18:08,5174,37,0,0,1,0,0,0,0,0,0,0,0,0,0,0,0
282819,2021-02-02 21:28:08,5181,35,0,0,1,0,0,0,0,0,0,0,0,0,0,0,0
282823,2021-02-02 21:58:07,5205,35,0,0,1,0,0,0,0,0,0,0,0,0,0,0,0
282825,2021-02-02 22:08:08,5287,53,1,0,1,0,0,0,0,0,0,0,0,0,0,0,0
282866,2021-02-03 07:18:07,19,61,0,0,1,0,0,0,0,0,0,0,0,0,0,0,0
282870,2021-02-03 07:28:04,65,60,0,0,1,0,0,0,0,0,0,0,0,0,0,0,0
282872,2021-02-03 07:38:08,111,59,0,0,1,0,0,0,0,0,0,0,0,0,0,0,0
282875,2021-02-03 07:48:05,144,59,0,0,1,0,0,0,0,0,0,0,0,0,0,0,0
282884,2021-02-03 08:18:05,151,58,0,0,1,0,0,0,0,0,0,0,0,0,0,0,0
282903,2021-02-03 09:08:04,158,56,0,0,1,0,0,0,0,0,0,0,0,0,0,0,0
282908,2021-02-03 09:18:05,376,55,0,0,1,0,0,0,0,0,0,0,0,0,0,0,0
282921,2021-02-03 09:48:07,434,55,0,0,1,0,0,0,0,0,0,0,0,0,0,0,0
282937,2021-02-03 10:08:04,444,54,0,0,1,0,0,0,0,0,0,0,0,0,0,0,0
282958,2021-02-03 10:28:06,523,53,0,0,1,0,0,0,0,0,0,0,0,0,0,0,0
282989,2021-02-03 10:48:04,1246,52,0,0,1,0,0,0,0,0,0,0,0,0,0,0,0
283020,2021-02-03 11:12:42,1295,52,0,0,1,0,0,0,0,0,0,0,0,0,0,0,0
283093,2021-02-03 12:08:04,1491,49,0,0,1,0,0,0,0,0,0,0,0,0,0,0,0
283108,2021-02-03 12:18:06,1608,50,0,0,1,0,0,0,0,0,0,0,0,0,0,0,0
283133,2021-02-03 12:33:42,2214,50,0,0,0,0,0,0,0,0,0,0,0,0,1,0,0
283134,2021-02-03 12:34:21,2229,50,0,0,0,0,0,0,0,0,0,0,0,0,1,0,0
283153,2021-02-03 12:47:28,2254,49,0,0,0,0,0,0,0,0,0,0,0,0,1,0,0
283154,2021-02-03 12:47:38,2279,48,0,0,0,0,0,0,0,0,0,0,0,0,1,0,0
283155,2021-02-03 12:47:48,2301,49,0,0,0,0,0,0,0,0,0,0,0,0,1,0,0
283156,2021-02-03 12:47:58,2324,49,0,0,0,0,0,0,0,0,0,0,0,0,1,0,0
283157,2021-02-03 12:48:08,2346,48,0,0,0,0,0,0,0,0,0,0,0,0,1,0,0
283161,2021-02-03 12:52:41,2688,49,0,0,1,0,0,0,0,0,0,0,0,0,0,0,0
283177,2021-02-03 12:58:30,3141,49,0,0,1,0,0,0,0,0,0,0,0,0,0,0,0
283210,2021-02-03 13:22:41,5520,49,0,0,1,0,0,0,0,0,0,0,0,0,0,0,0
283217,2021-02-03 13:28:08,6093,48,0,0,1,0,0,0,0,0,0,0,0,0,0,0,0
283225,2021-02-03 13:38:20,6934,48,0,0,1,0,0,0,0,0,0,0,0,0,0,0,0
283239,2021-02-03 13:51:46,8136,47,0,0,1,0,0,0,0,0,0,0,0,0,0,0,0
283247,2021-02-03 13:58:04,8740,47,0,0,0,0,0,0,0,0,0,0,0,0,1,0,0
283250,2021-02-03 14:02:41,9199,47,0,0,1,0,0,0,0,0,0,0,0,0,0,0,0
283251,2021-02-03 14:03:02,9244,46,0,0,0,0,0,0,0,0,0,0,0,0,1,0,0
283257,2021-02-03 14:08:06,9672,46,0,0,1,0,0,0,0,0,0,0,0,0,0,0,0
283269,2021-02-03 14:18:04,10650,46,0,0,1,0,0,0,0,0,0,0,0,0,0,0,0
283282,2021-02-03 14:28:09,11419,47,0,0,1,0,0,0,0,0,0,0,0,0,0,0,0
283308,2021-02-03 14:46:04,12938,45,0,0,0,0,0,0,0,0,0,0,0,0,1,0,0
283309,2021-02-03 14:46:13,12954,45,0,0,0,0,0,0,0,0,0,0,0,0,1,0,0
283310,2021-02-03 14:46:23,12970,45,0,0,0,0,0,0,0,0,0,0,0,0,1,0,0
283311,2021-02-03 14:46:33,12985,46,0,0,0,0,0,0,0,0,0,0,0,0,1,0,0
283312,2021-02-03 14:46:43,13001,46,0,0,0,0,0,0,0,0,0,0,0,0,1,0,0
283313,2021-02-03 14:46:53,13007,44,0,0,0,0,0,0,0,0,0,0,0,0,1,0,0
283314,2021-02-03 14:49:05,13050,45,0,0,1,0,0,0,0,0,0,0,0,0,0,0,0
283339,2021-02-03 15:02:40,13066,44,0,0,1,0,0,0,0,0,0,0,0,0,0,0,0
283347,2021-02-03 15:05:45,13269,45,0,0,0,0,0,0,0,0,0,0,0,0,1,0,0
283348,2021-02-03 15:05:55,13288,46,0,0,0,0,0,0,0,0,0,0,0,0,1,0,0
283349,2021-02-03 15:06:05,13307,45,0,0,0,0,0,0,0,0,0,0,0,0,1,0,0
283355,2021-02-03 15:10:59,13700,44,0,0,0,0,0,0,0,0,0,0,0,0,1,0,0
283356,2021-02-03 15:11:09,13708,44,0,0,0,0,0,0,0,0,0,0,0,0,1,0,0
283357,2021-02-03 15:11:18,13718,44,0,0,0,0,0,0,0,0,0,0,0,0,1,0,0
283358,2021-02-03 15:11:28,13729,44,0,0,0,0,0,0,0,0,0,0,0,0,1,0,0
283359,2021-02-03 15:11:38,13740,44,0,0,0,0,0,0,0,0,0,0,0,0,1,0,0
283361,2021-02-03 15:12:08,13787,43,0,0,0,0,0,0,0,0,0,0,0,0,1,0,0
283363,2021-02-03 15:12:18,13801,44,0,0,0,0,0,0,0,0,0,0,0,0,1,0,0
283364,2021-02-03 15:12:28,13819,44,0,0,0,0,0,0,0,0,0,0,0,0,1,0,0
283375,2021-02-03 15:18:04,14275,44,0,0,1,0,0,0,0,0,0,0,0,0,0,0,0
283465,2021-02-03 15:51:45,14537,43,0,0,1,0,0,0,0,0,0,0,0,0,0,0,0
283531,2021-02-03 16:28:04,15154,40,0,0,1,0,0,0,0,0,0,0,0,0,0,0,0
283552,2021-02-03 16:38:04,15914,41,0,0,1,0,0,0,0,0,0,0,0,0,0,0,0
283567,2021-02-03 16:54:41,16124,40,0,0,0,0,1,0,0,0,0,0,0,0,0,0,0
283654,2021-02-03 18:38:05,16133,35,0,0,1,0,0,0,0,0,0,0,0,0,0,0,0
283667,2021-02-03 18:58:08,16199,35,0,0,1,0,0,0,0,0,0,0,0,0,0,0,0
283689,2021-02-03 19:08:03,16242,35,0,0,1,0,0,0,0,0,0,0,0,0,0,0,0
283697,2021-02-03 19:18:05,16259,35,0,0,1,0,0,0,0,0,0,0,0,0,0,0,0
283714,2021-02-03 19:48:07,16276,34,0,0,1,0,0,0,0,0,0,0,0,0,0,0,0
283721,2021-02-03 20:08:07,16283,33,0,0,1,0,0,0,0,0,0,0,0,0,0,0,0
283724,2021-02-03 20:18:06,16413,33,0,0,1,0,0,0,0,0,0,0,0,0,0,0,0
283733,2021-02-03 20:38:04,16463,33,0,0,1,0,0,0,0,0,0,0,0,0,0,0,0
293417,2021-02-16 17:06:03,4830,59,0,0,0,0,0,0,0,0,0,0,0,0,1,0,0
293434,2021-02-16 17:18:09,4854,58,0,0,1,0,0,0,0,0,0,0,0,0,0,0,0
293447,2021-02-16 17:38:07,4878,59,0,0,1,0,0,0,0,0,0,0,0,0,0,0,0
293465,2021-02-16 17:58:06,4903,58,0,0,1,0,0,0,0,0,0,0,0,0,0,0,0
293511,2021-02-16 18:38:09,4912,57,0,0,1,0,0,0,0,0,0,0,0,0,0,0,0
293526,2021-02-16 18:48:06,4952,56,0,0,1,0,0,0,0,0,0,0,0,0,0,0,0
293542,2021-02-16 19:07:42,4959,55,0,0,0,0,0,0,0,0,0,0,0,1,0,0,0
293562,2021-02-16 19:28:09,5025,54,0,0,1,0,0,0,0,0,0,0,0,0,0,0,0
293569,2021-02-16 19:38:05,5063,54,0,0,1,0,0,0,0,0,0,0,0,0,0,0,0
293584,2021-02-16 19:44:32,5268,53,0,0,0,0,0,0,0,0,0,0,0,0,0,0,1
293587,2021-02-16 19:49:06,5276,54,0,0,0,0,0,0,0,0,0,0,0,1,0,0,0
293606,2021-02-16 20:24:16,5284,53,0,0,0,0,0,0,0,0,0,0,0,1,0,0,0
293622,2021-02-16 21:08:06,5297,50,0,0,1,0,0,0,0,0,0,0,0,0,0,0,0
293632,2021-02-16 21:38:06,5306,50,0,0,1,0,0,0,0,0,0,0,0,0,0,0,0
294090,2021-02-17 11:28:08,8,70,0,0,1,0,0,0,0,0,0,0,0,0,0,0,0
294176,2021-02-17 12:28:06,42,68,0,0,1,0,0,0,0,0,0,0,0,0,0,0,0
294194,2021-02-17 12:49:58,89,67,0,1,0,0,1,0,0,0,0,0,0,0,0,0,0
294195,2021-02-17 12:51:20,96,67,0,0,0,0,1,0,0,0,0,0,0,0,0,0,0
294208,2021-02-17 12:58:36,215,66,0,0,0,0,0,0,0,0,0,0,0,1,0,0,0
294287,2021-02-17 13:48:09,222,66,0,0,1,0,0,0,0,0,0,0,0,0,0,0,0
294315,2021-02-17 14:28:08,230,64,0,0,1,0,0,0,0,0,0,0,0,0,0,0,0
294325,2021-02-17 14:38:06,257,64,0,0,1,0,0,0,0,0,0,0,0,0,0,0,0
294338,2021-02-17 14:48:06,268,64,0,0,1,0,0,0,0,0,0,0,0,0,0,0,0
294440,2021-02-17 15:58:06,275,61,0,0,1,0,0,0,0,0,0,0,0,0,0,0,0
294465,2021-02-17 16:28:07,282,60,0,0,1,0,0,0,0,0,0,0,0,0,0,0,0
294476,2021-02-17 16:37:07,289,59,0,1,0,0,0,0,0,0,0,0,0,0,1,0,0
294544,2021-02-17 17:45:54,301,57,0,0,0,0,0,0,0,0,0,0,0,1,0,0,0
294567,2021-02-17 18:08:05,339,57,0,0,1,0,0,0,0,0,0,0,0,0,0,0,0
294573,2021-02-17 18:16:18,601,57,0,1,0,0,0,0,0,0,0,0,0,0,1,0,0
294576,2021-02-17 18:22:55,624,56,0,0,0,0,0,0,0,0,0,0,0,1,0,0,0
294601,2021-02-17 18:46:52,650,54,0,0,0,0,0,0,0,0,0,0,0,1,0,0,0
294602,2021-02-17 18:48:21,659,54,0,0,0,0,0,0,0,0,0,0,0,1,0,0,0
294629,2021-02-17 19:12:13,667,54,0,0,0,0,0,0,0,0,0,0,0,1,0,0,0
294655,2021-02-17 19:58:06,750,52,0,0,1,0,0,0,0,0,0,0,0,0,0,0,0
294663,2021-02-17 20:08:08,816,52,0,0,1,0,0,0,0,0,0,0,0,0,0,0,0
294669,2021-02-17 20:16:34,855,53,0,0,0,0,0,0,0,0,0,0,0,1,0,0,0
294682,2021-02-17 20:38:06,863,52,0,0,1,0,0,0,0,0,0,0,0,0,0,0,0
294702,2021-02-17 21:24:42,875,50,0,0,0,0,0,0,0,0,0,0,0,1,0,0,0
294712,2021-02-17 21:37:29,883,50,0,1,0,0,0,0,0,0,0,0,0,0,1,0,0
294713,2021-02-17 21:38:16,890,49,0,0,0,0,0,0,0,0,0,0,0,1,0,0,0
294722,2021-02-17 21:48:06,930,50,0,0,1,0,0,0,0,0,0,0,0,0,0,0,0
294737,2021-02-17 22:22:15,948,49,0,0,1,0,0,0,0,0,0,0,0,0,0,0,0
294740,2021-02-17 22:26:02,970,61,1,1,0,0,1,0,0,0,0,0,0,0,0,0,0
303484,2021-02-24 10:37:58,573,57,0,0,0,0,0,0,0,0,0,0,0,0,1,0,0
303513,2021-02-24 10:42:09,644,57,0,0,0,0,0,0,0,0,0,1,0,0,0,0,0
303555,2021-02-24 10:59:33,654,57,0,0,0,0,1,0,0,0,0,0,0,0,0,0,0
303565,2021-02-24 11:05:51,661,57,0,0,0,0,1,0,0,0,0,0,0,0,0,0,0
303585,2021-02-24 11:18:05,682,55,0,0,1,0,0,0,0,0,0,0,0,0,0,0,0
303624,2021-02-24 11:48:05,698,55,0,0,1,0,0,0,0,0,0,0,0,0,0,0,0
303626,2021-02-24 11:48:40,719,54,0,0,0,0,1,0,0,0,0,0,0,0,0,0,0
303629,2021-02-24 11:49:32,738,55,0,0,0,0,0,1,0,0,0,0,0,0,0,0,0
303630,2021-02-24 11:50:10,770,55,0,0,0,0,0,0,0,0,1,0,0,0,0,0,0
303632,2021-02-24 11:51:12,777,54,0,0,0,1,0,0,0,0,0,0,0,0,0,0,0
303640,2021-02-24 11:58:06,796,54,0,0,1,0,0,0,0,0,0,0,0,0,0,0,0
303645,2021-02-24 12:00:24,803,54,0,1,0,0,1,0,0,0,0,0,0,0,0,0,0
303654,2021-02-24 12:08:09,819,55,0,0,1,0,0,0,0,0,0,0,0,0,0,0,0
303666,2021-02-24 12:18:07,844,55,0,0,1,0,0,0,0,0,0,0,0,0,0,0,0
303690,2021-02-24 12:28:11,1007,53,0,0,1,0,0,0,0,0,0,0,0,0,0,0,0
303764,2021-02-24 12:48:08,1171,52,0,0,1,0,0,0,0,0,0,0,0,0,0,0,0
303790,2021-02-24 12:58:05,2250,54,0,0,1,0,0,0,0,0,0,0,0,0,0,0,0
303803,2021-02-24 13:08:04,2493,53,0,0,1,0,0,0,0,0,0,0,0,0,0,0,0
303860,2021-02-24 13:38:03,2994,51,0,0,1,0,0,0,0,0,0,0,0,0,0,0,0
303877,2021-02-24 13:58:04,4219,51,0,0,1,0,0,0,0,0,0,0,0,0,0,0,0
303889,2021-02-24 14:08:03,4391,50,0,0,1,0,0,0,0,0,0,0,0,0,0,0,0
303898,2021-02-24 14:11:21,4398,50,0,0,0,0,0,0,0,0,0,0,0,0,1,0,0
303910,2021-02-24 14:18:05,4451,50,0,0,1,0,0,0,0,0,0,0,0,0,0,0,0
303947,2021-02-24 14:48:06,4479,50,0,0,1,0,0,0,0,0,0,0,0,0,0,0,0
303965,2021-02-24 14:58:07,4486,49,0,0,1,0,0,0,0,0,0,0,0,0,0,0,0
303990,2021-02-24 15:19:04,4536,49,0,0,1,0,0,0,0,0,0,0,0,0,0,0,0
304008,2021-02-24 15:28:07,4600,50,0,0,1,0,0,0,0,0,0,0,0,0,0,0,0
304026,2021-02-24 15:48:06,4618,48,0,0,1,0,0,0,0,0,0,0,0,0,0,0,0
304028,2021-02-24 15:51:10,4857,47,0,0,0,0,0,0,0,0,0,0,0,0,1,0,0
304034,2021-02-24 15:58:09,5698,47,0,0,1,0,0,0,0,0,0,0,0,0,0,0,0
304042,2021-02-24 16:08:04,5956,47,0,0,1,0,0,0,0,0,0,0,0,0,0,0,0
304052,2021-02-24 16:23:51,6031,47,0,1,0,0,1,0,0,0,0,0,0,0,0,0,0
304063,2021-02-24 16:38:07,6046,45,0,0,1,0,0,0,0,0,0,0,0,0,0,0,0
304070,2021-02-24 16:44:41,6053,46,0,0,0,0,0,0,0,0,0,0,0,1,0,0,0
304082,2021-02-24 16:58:08,6067,45,0,0,1,0,0,0,0,0,0,0,0,0,0,0,0
304100,2021-02-24 17:08:05,6134,45,0,0,1,0,0,0,0,0,0,0,0,0,0,0,0
304116,2021-02-24 17:18:06,6172,44,0,0,1,0,0,0,0,0,0,0,0,0,0,0,0
304142,2021-02-24 17:36:42,6188,43,0,0,0,0,0,0,0,0,0,0,0,1,0,0,0
304180,2021-02-24 18:18:06,6462,42,0,0,1,0,0,0,0,0,0,0,0,0,0,0,0
304193,2021-02-24 18:28:09,6469,42,0,0,1,0,0,0,0,0,0,0,0,0,0,0,0
304206,2021-02-24 18:47:39,6476,39,0,0,0,1,0,0,0,0,0,0,0,0,0,0,0
304208,2021-02-24 18:54:25,6483,40,0,0,0,1,0,0,0,0,0,0,0,0,0,0,0
304230,2021-02-24 19:28:06,6523,40,0,0,1,0,0,0,0,0,0,0,0,0,0,0,0
304284,2021-02-24 21:38:07,6614,35,0,0,1,0,0,0,0,0,0,0,0,0,0,0,0
304288,2021-02-24 21:48:04,6633,54,1,0,1,0,0,0,0,0,0,0,0,0,0,0,0
304347,2021-02-25 07:16:32,36,75,0,1,0,0,1,0,0,0,0,0,0,0,0,0,0
304350,2021-02-25 07:28:06,62,74,0,0,1,0,0,0,0,0,0,0,0,0,0,0,0
304356,2021-02-25 07:58:07,69,72,0,0,1,0,0,0,0,0,0,0,0,0,0,0,0
304376,2021-02-25 08:38:05,79,70,0,0,1,0,0,0,0,0,0,0,0,0,0,0,0
304388,2021-02-25 08:46:52,94,71,0,0,0,0,1,0,0,0,0,0,0,0,0,0,0
304391,2021-02-25 08:48:07,105,71,0,0,1,0,0,0,0,0,0,0,0,0,0,0,0
304403,2021-02-25 08:59:05,150,69,0,0,1,0,0,0,0,0,0,0,0,0,0,0,0
304429,2021-02-25 09:07:54,341,70,0,0,0,1,0,0,0,0,0,0,0,0,0,0,0
304464,2021-02-25 09:16:41,412,70,0,0,0,1,0,0,0,0,0,0,0,0,0,0,0
304505,2021-02-25 09:23:20,549,69,0,0,0,0,0,0,0,0,0,0,0,1,0,0,0
304518,2021-02-25 09:25:32,556,69,0,0,0,0,0,0,0,0,0,0,0,1,0,0,0
304547,2021-02-25 09:32:38,605,69,0,0,0,1,0,0,0,0,0,0,0,0,0,0,0
304569,2021-02-25 09:41:06,621,69,0,0,0,1,0,0,0,0,0,0,0,0,0,0,0
304608,2021-02-25 09:53:07,747,68,0,0,0,0,0,0,0,0,0,0,0,1,0,0,0
304644,2021-02-25 10:18:25,810,66,0,0,0,1,0,0,0,0,0,0,0,0,0,0,0
304736,2021-02-25 10:38:06,817,67,0,0,1,0,0,0,0,0,0,0,0,0,0,0,0
304877,2021-02-25 11:55:34,824,64,0,0,0,1,0,0,0,0,0,0,0,0,0,0,0
304892,2021-02-25 12:00:58,974,65,0,1,0,0,1,0,0,0,0,0,0,0,0,0,0
304918,2021-02-25 12:18:10,1190,64,0,0,1,0,0,0,0,0,0,0,0,0,0,0,0
304935,2021-02-25 12:28:10,1219,64,0,0,1,0,0,0,0,0,0,0,0,0,0,0,0
304944,2021-02-25 12:38:08,1254,63,0,0,1,0,0,0,0,0,0,0,0,0,0,0,0
305013,2021-02-25 13:08:04,1278,63,0,0,1,0,0,0,0,0,0,0,0,0,0,0,0
305027,2021-02-25 13:13:02,1289,62,0,0,0,0,0,0,0,0,0,0,0,1,0,0,0
305047,2021-02-25 13:28:05,1313,62,0,0,1,0,0,0,0,0,0,0,0,0,0,0,0
305058,2021-02-25 13:38:07,1337,61,0,0,1,0,0,0,0,0,0,0,0,0,0,0,0
305065,2021-02-25 13:41:14,1345,60,0,0,0,0,0,0,0,0,0,0,0,1,0,0,0
305073,2021-02-25 13:47:01,1373,60,0,0,0,0,0,0,0,0,0,0,0,1,0,0,0
305106,2021-02-25 14:18:05,1390,59,0,0,1,0,0,0,0,0,0,0,0,0,0,0,0
305116,2021-02-25 14:30:26,1417,58,0,1,0,0,1,0,0,0,0,0,0,0,0,0,0
305117,2021-02-25 14:30:39,1428,59,0,0,0,0,0,1,0,0,0,0,0,0,0,0,0
305122,2021-02-25 14:38:06,1551,58,0,0,1,0,0,0,0,0,0,0,0,0,0,0,0
305128,2021-02-25 14:43:58,1586,59,0,0,0,0,0,0,0,0,0,0,0,1,0,0,0
305132,2021-02-25 14:48:03,1816,59,0,0,1,0,0,0,0,0,0,0,0,0,0,0,0
305145,2021-02-25 15:00:12,2147,57,0,0,1,0,0,0,0,0,0,0,0,0,0,0,0
305148,2021-02-25 15:02:08,2157,58,0,0,0,0,0,0,0,0,0,0,0,0,1,0,0
305149,2021-02-25 15:03:56,2171,58,0,0,0,0,0,0,0,0,0,0,0,0,1,0,0
305158,2021-02-25 15:14:52,2179,58,0,0,0,0,0,0,0,0,0,0,0,0,1,0,0
305165,2021-02-25 15:19:45,2576,57,0,0,1,0,0,0,0,0,0,0,0,0,0,0,0
305167,2021-02-25 15:20:34,2660,57,0,0,0,0,0,0,0,0,0,0,0,0,1,0,0
305170,2021-02-25 15:22:34,2870,58,0,0,0,0,0,0,0,0,0,0,0,0,1,0,0
305171,2021-02-25 15:22:43,2887,57,0,0,0,0,0,0,0,0,0,0,0,0,1,0,0
305172,2021-02-25 15:22:55,2898,57,0,0,0,0,0,0,0,0,0,0,0,0,1,0,0
305174,2021-02-25 15:23:05,2914,58,0,0,0,0,0,0,0,0,0,0,0,0,1,0,0
305186,2021-02-25 15:28:04,3039,57,0,0,1,0,0,0,0,0,0,0,0,0,0,0,0
305206,2021-02-25 15:48:04,3064,57,0,0,1,0,0,0,0,0,0,0,0,0,0,0,0
305221,2021-02-25 15:58:03,3071,56,0,0,1,0,0,0,0,0,0,0,0,0,0,0,0
305232,2021-02-25 16:07:14,3272,58,0,0,0,0,0,0,0,0,0,0,0,0,1,0,0
305233,2021-02-25 16:07:36,3313,56,0,0,0,0,0,0,0,0,0,0,0,0,1,0,0
305234,2021-02-25 16:08:06,3366,57,0,0,1,0,0,0,0,0,0,0,0,0,0,0,0
305262,2021-02-25 16:18:05,4466,56,0,0,1,0,0,0,0,0,0,0,0,0,0,0,0
305345,2021-02-25 17:18:10,7871,54,0,0,1,0,0,0,0,0,0,0,0,0,0,0,0
305349,2021-02-25 17:20:15,8033,54,0,0,0,0,0,0,0,0,0,0,0,0,1,0,0
305352,2021-02-25 17:21:54,8109,54,0,0,0,0,0,0,0,0,0,0,0,0,1,0,0
305355,2021-02-25 17:23:32,8116,53,0,0,0,0,0,0,0,0,0,0,0,0,1,0,0
305363,2021-02-25 17:27:08,8237,54,0,0,0,0,0,0,0,0,0,0,0,0,1,0,0
305364,2021-02-25 17:27:18,8250,53,0,0,0,0,0,0,0,0,0,0,0,0,1,0,0
305365,2021-02-25 17:27:27,8269,53,0,0,0,0,0,0,0,0,0,0,0,0,1,0,0
305366,2021-02-25 17:27:38,8287,53,0,0,0,0,0,0,0,0,0,0,0,0,1,0,0
305367,2021-02-25 17:28:31,8398,53,0,0,0,0,0,0,0,0,0,0,0,0,1,0,0
305411,2021-02-25 17:48:03,9499,52,0,0,1,0,0,0,0,0,0,0,0,0,0,0,0
305413,2021-02-25 17:50:12,9506,52,0,0,0,0,0,0,0,0,0,0,0,1,0,0,0
305419,2021-02-25 17:58:08,9525,52,0,0,1,0,0,0,0,0,0,0,0,0,0,0,0
305446,2021-02-25 18:28:05,9532,51,0,0,1,0,0,0,0,0,0,0,0,0,0,0,0
305474,2021-02-25 18:58:06,9540,50,0,0,1,0,0,0,0,0,0,0,0,0,0,0,0
305507,2021-02-25 19:38:06,9551,49,0,0,1,0,0,0,0,0,0,0,0,0,0,0,0
305512,2021-02-25 19:44:45,9567,48,0,0,0,0,0,0,0,0,0,0,0,1,0,0,0
305545,2021-02-25 20:38:07,9574,47,0,0,1,0,0,0,0,0,0,0,0,0,0,0,0
305552,2021-02-25 20:55:05,9583,47,0,0,0,0,0,0,0,0,0,0,0,1,0,0,0
305553,2021-02-25 20:58:07,9590,47,0,0,1,0,0,0,0,0,0,0,0,0,0,0,0
305562,2021-02-25 21:29:09,9598,79,1,0,1,0,0,0,0,0,0,0,0,0,0,0,0
305648,2021-02-26 08:38:05,11,77,0,0,1,0,0,0,0,0,0,0,0,0,0,0,0
305667,2021-02-26 09:00:40,166,75,0,0,0,0,0,0,0,0,0,0,0,1,0,0,0
305694,2021-02-26 09:09:50,588,76,0,0,0,0,0,0,0,0,0,0,0,0,1,0,0
305705,2021-02-26 09:11:28,600,76,0,0,0,0,0,0,0,0,0,0,0,0,1,0,0
305713,2021-02-26 09:12:46,608,74,0,0,0,0,0,0,0,0,0,0,0,0,1,0,0
305715,2021-02-26 09:12:56,622,74,0,0,0,0,0,0,0,0,0,0,0,0,1,0,0
305754,2021-02-26 09:19:12,699,76,0,0,0,0,0,0,0,0,0,0,0,0,1,0,0
305779,2021-02-26 09:22:42,1033,75,0,0,1,0,0,0,0,0,0,0,0,0,0,0,0
305799,2021-02-26 09:30:33,1562,74,0,0,0,0,1,0,0,0,0,0,0,0,0,0,0
305810,2021-02-26 09:32:44,1631,74,0,0,1,0,0,0,0,0,0,0,0,0,0,0,0
305820,2021-02-26 09:34:40,1821,74,0,0,0,0,1,0,0,0,0,0,0,0,0,0,0
305840,2021-02-26 09:38:09,1985,75,0,0,1,0,0,0,0,0,0,0,0,0,0,0,0
305860,2021-02-26 09:48:03,2030,73,0,0,1,0,0,0,0,0,0,0,0,0,0,0,0
305868,2021-02-26 09:53:12,2038,74,0,0,0,0,1,0,0,0,0,0,0,0,0,0,0
305898,2021-02-26 10:09:05,2047,73,0,0,1,0,0,0,0,0,0,0,0,0,0,0,0
306098,2021-02-26 11:08:04,2095,70,0,0,1,0,0,0,0,0,0,0,0,0,0,0,0
306101,2021-02-26 11:11:00,2280,70,0,0,0,0,0,0,0,0,0,0,0,0,1,0,0
306102,2021-02-26 11:11:12,2301,70,0,0,0,0,0,0,0,0,0,0,0,0,1,0,0
306112,2021-02-26 11:16:54,2964,69,0,0,0,0,0,0,0,0,0,0,0,0,1,0,0
306113,2021-02-26 11:17:04,2986,70,0,0,0,0,0,0,0,0,0,0,0,0,1,0,0
306114,2021-02-26 11:17:14,3008,70,0,0,0,0,0,0,0,0,0,0,0,0,1,0,0
306115,2021-02-26 11:17:24,3030,71,0,0,0,0,0,0,0,0,0,0,0,0,1,0,0
306116,2021-02-26 11:17:32,3051,71,0,0,0,0,0,0,0,0,0,0,0,0,1,0,0
306117,2021-02-26 11:17:43,3073,70,0,0,0,0,0,0,0,0,0,0,0,0,1,0,0
306118,2021-02-26 11:17:53,3095,70,0,0,0,0,0,0,0,0,0,0,0,0,1,0,0
306120,2021-02-26 11:18:20,3157,70,0,0,0,0,0,0,0,0,0,0,0,0,1,0,0
306121,2021-02-26 11:18:21,3160,70,0,0,0,0,0,0,0,0,0,0,0,0,1,0,0
306122,2021-02-26 11:18:33,3182,69,0,0,0,0,0,0,0,0,0,0,0,0,1,0,0
306123,2021-02-26 11:18:43,3204,69,0,0,0,0,0,0,0,0,0,0,0,0,1,0,0
306124,2021-02-26 11:19:11,3270,69,0,0,0,0,0,0,0,0,0,0,0,0,1,0,0
306125,2021-02-26 11:19:20,3291,70,0,0,0,0,0,0,0,0,0,0,0,0,1,0,0
306126,2021-02-26 11:19:30,3305,71,0,0,0,0,0,0,0,0,0,0,0,0,1,0,0
306147,2021-02-26 11:25:30,3805,69,0,0,0,0,0,0,0,0,0,0,0,0,1,0,0
306148,2021-02-26 11:25:39,3823,70,0,0,0,0,0,0,0,0,0,0,0,0,1,0,0
306149,2021-02-26 11:25:50,3839,69,0,0,0,0,0,0,0,0,0,0,0,0,1,0,0
306165,2021-02-26 11:40:34,4048,69,0,0,0,0,0,0,0,0,0,0,0,0,1,0,0
306166,2021-02-26 11:40:44,4066,69,0,0,0,0,0,0,0,0,0,0,0,0,1,0,0
306167,2021-02-26 11:40:54,4084,68,0,0,0,0,0,0,0,0,0,0,0,0,1,0,0
306198,2021-02-26 11:58:03,5116,68,0,0,1,0,0,0,0,0,0,0,0,0,0,0,0
306217,2021-02-26 12:08:05,5830,69,0,0,1,0,0,0,0,0,0,0,0,0,0,0,0
306249,2021-02-26 12:18:03,6494,68,0,0,1,0,0,0,0,0,0,0,0,0,0,0,0
306255,2021-02-26 12:21:01,6501,67,0,0,0,0,1,0,0,0,0,0,0,0,0,0,0
306286,2021-02-26 12:38:05,6978,67,0,0,1,0,0,0,0,0,0,0,0,0,0,0,0
306303,2021-02-26 12:48:04,8047,66,0,0,1,0,0,0,0,0,0,0,0,0,0,0,0
306318,2021-02-26 12:58:03,9003,67,0,0,1,0,0,0,0,0,0,0,0,0,0,0,0
306321,2021-02-26 13:00:19,9232,66,0,0,0,0,0,1,0,0,0,0,0,0,0,0,0
306357,2021-02-26 13:32:19,12372,66,0,0,1,0,0,0,0,0,0,0,0,0,0,0,0
306385,2021-02-26 13:49:42,13748,66,0,0,1,0,0,0,0,0,0,0,0,0,0,0,0
306400,2021-02-26 13:57:52,13814,65,0,0,0,1,0,0,0,0,0,0,0,0,0,0,0
306427,2021-02-26 14:28:07,13821,64,0,0,1,0,0,0,0,0,0,0,0,0,0,0,0
306441,2021-02-26 14:38:08,13848,64,0,0,1,0,0,0,0,0,0,0,0,0,0,0,0
306458,2021-02-26 14:58:05,13855,63,0,0,1,0,0,0,0,0,0,0,0,0,0,0,0
306486,2021-02-26 15:08:06,13872,63,0,0,1,0,0,0,0,0,0,0,0,0,0,0,0
306492,2021-02-26 15:11:38,13881,61,0,0,0,0,0,0,0,0,0,0,0,1,0,0,0
306502,2021-02-26 15:18:10,14036,63,0,0,1,0,0,0,0,0,0,0,0,0,0,0,0
306504,2021-02-26 15:19:57,14070,62,0,0,0,0,0,0,0,0,0,0,0,0,0,0,1
306506,2021-02-26 15:20:44,14077,61,0,0,0,0,0,0,0,0,0,0,0,0,0,0,1
306507,2021-02-26 15:21:04,14084,61,0,0,0,0,0,0,0,0,0,0,0,0,0,0,1
306508,2021-02-26 15:21:11,14091,62,0,0,0,0,0,0,0,0,0,0,0,0,0,0,1
306509,2021-02-26 15:21:14,14094,62,0,0,0,0,0,0,0,0,0,0,0,0,0,0,1
306510,2021-02-26 15:21:22,14101,62,0,0,0,0,0,0,0,0,0,0,0,0,0,0,1
306511,2021-02-26 15:21:25,14105,61,0,0,0,0,0,0,0,0,0,0,0,0,0,0,1
306512,2021-02-26 15:21:29,14106,62,0,0,0,0,0,0,0,0,0,0,0,0,0,0,1
306513,2021-02-26 15:21:34,14114,61,0,0,0,0,0,0,0,0,0,0,0,0,0,0,1
306514,2021-02-26 15:21:37,14118,61,0,0,0,0,0,0,0,0,0,0,0,0,0,0,1
306515,2021-02-26 15:21:44,14126,61,0,0,0,0,0,0,0,0,0,0,0,0,0,0,1
306516,2021-02-26 15:21:48,14127,62,0,0,0,0,0,0,0,0,0,0,0,0,0,0,1
306517,2021-02-26 15:21:55,14140,61,0,0,0,0,0,0,0,0,0,0,0,0,0,0,1
306518,2021-02-26 15:21:58,14143,62,0,0,0,0,0,0,0,0,0,0,0,0,0,0,1
306520,2021-02-26 15:22:06,14157,62,0,0,0,0,0,0,0,0,0,0,0,0,0,0,1
306521,2021-02-26 15:22:13,14169,61,0,0,0,0,0,0,0,0,0,0,0,0,0,0,1
306522,2021-02-26 15:22:26,14177,61,0,0,0,0,0,0,0,0,0,0,0,0,0,0,1
306524,2021-02-26 15:22:37,14184,61,0,0,0,0,0,0,0,0,0,0,0,0,0,0,1
306525,2021-02-26 15:22:48,14191,61,0,0,0,0,0,0,0,0,0,0,0,0,0,0,1
306526,2021-02-26 15:23:00,14198,61,0,0,0,0,0,0,0,0,0,0,0,0,0,0,1
306527,2021-02-26 15:23:04,14199,60,0,0,0,0,0,0,0,0,0,0,0,0,0,0,1
306529,2021-02-26 15:23:58,14206,61,0,0,0,0,0,0,0,0,0,0,0,0,0,0,1
306530,2021-02-26 15:24:00,14208,61,0,0,0,0,0,0,0,0,0,0,0,0,0,0,1
306536,2021-02-26 15:27:38,14215,61,0,0,0,0,0,0,0,0,0,0,0,0,0,0,1
306546,2021-02-26 15:36:27,14268,61,0,0,0,0,0,0,0,0,0,0,0,0,0,0,1
306550,2021-02-26 15:38:01,14288,62,0,0,0,0,0,0,0,0,0,0,0,0,0,0,1
306559,2021-02-26 15:48:04,14317,61,0,0,1,0,0,0,0,0,0,0,0,0,0,0,0
306570,2021-02-26 15:58:09,14332,61,0,0,1,0,0,0,0,0,0,0,0,0,0,0,0
306576,2021-02-26 16:04:46,14341,60,0,1,0,0,1,0,0,0,0,0,0,0,0,0,0
306588,2021-02-26 16:17:05,14350,59,0,0,0,0,0,0,0,0,0,0,0,0,0,0,1
306591,2021-02-26 16:22:00,14360,59,0,0,0,0,0,0,0,0,0,0,0,0,0,0,1
306596,2021-02-26 16:28:07,14367,60,0,0,1,0,0,0,0,0,0,0,0,0,0,0,0
306608,2021-02-26 16:36:57,14463,59,0,0,0,0,0,0,0,0,0,0,0,1,0,0,0
306612,2021-02-26 16:41:43,14487,58,0,0,0,0,0,0,0,0,0,0,0,1,0,0,0
306618,2021-02-26 16:42:57,14494,59,0,0,0,0,0,0,0,0,0,0,0,1,0,0,0
306631,2021-02-26 16:58:08,14537,58,0,0,1,0,0,0,0,0,0,0,0,0,0,0,0
306648,2021-02-26 17:08:07,14582,57,0,0,1,0,0,0,0,0,0,0,0,0,0,0,0
306665,2021-02-26 17:18:05,14589,58,0,0,1,0,0,0,0,0,0,0,0,0,0,0,0
306711,2021-02-26 17:42:55,14630,57,0,0,0,0,0,0,0,0,0,0,0,1,0,0,0
306733,2021-02-26 17:58:07,14637,57,0,0,1,0,0,0,0,0,0,0,0,0,0,0,0
306737,2021-02-26 18:08:07,14679,56,0,0,1,0,0,0,0,0,0,0,0,0,0,0,0
306743,2021-02-26 18:18:06,14692,55,0,0,1,0,0,0,0,0,0,0,0,0,0,0,0
306775,2021-02-26 19:08:07,14720,55,0,0,1,0,0,0,0,0,0,0,0,0,0,0,0
306786,2021-02-26 19:18:05,14730,54,0,0,1,0,0,0,0,0,0,0,0,0,0,0,0
306795,2021-02-26 19:28:05,14778,52,0,0,1,0,0,0,0,0,0,0,0,0,0,0,0
306805,2021-02-26 19:51:36,14785,52,0,0,0,1,0,0,0,0,0,0,0,0,0,0,0
306810,2021-02-26 20:08:07,14829,52,0,0,1,0,0,0,0,0,0,0,0,0,0,0,0
306814,2021-02-26 20:18:05,14836,51,0,0,1,0,0,0,0,0,0,0,0,0,0,0,0
306825,2021-02-26 20:48:09,14864,51,0,0,1,0,0,0,0,0,0,0,0,0,0,0,0
306831,2021-02-26 21:28:08,14876,50,0,0,1,0,0,0,0,0,0,0,0,0,0,0,0
306837,2021-02-26 21:58:10,14965,60,1,0,1,0,0,0,0,0,0,0,0,0,0,0,0
306896,2021-02-27 07:46:48,29,76,0,0,0,0,0,0,0,0,0,0,0,1,0,0,0
306897,2021-02-27 07:48:07,47,77,0,0,1,0,0,0,0,0,0,0,0,0,0,0,0
306899,2021-02-27 07:58:07,56,77,0,0,1,0,0,0,0,0,0,0,0,0,0,0,0
306913,2021-02-27 08:48:07,86,74,0,0,1,0,0,0,0,0,0,0,0,0,0,0,0
306916,2021-02-27 08:54:33,147,73,0,0,0,1,0,0,0,0,0,0,0,0,0,0,0
306944,2021-02-27 09:08:07,158,73,0,0,1,0,0,0,0,0,0,0,0,0,0,0,0
307034,2021-02-27 09:26:07,188,72,0,0,0,0,0,0,0,0,0,0,0,1,0,0,0
307065,2021-02-27 09:38:06,281,73,0,0,1,0,0,0,0,0,0,0,0,0,0,0,0
307072,2021-02-27 09:40:38,339,72,0,0,0,0,0,0,0,0,0,0,0,1,0,0,0
307095,2021-02-27 09:44:25,402,72,0,0,0,0,0,0,0,0,0,0,0,1,0,0,0
307127,2021-02-27 09:58:05,409,72,0,0,1,0,0,0,0,0,0,0,0,0,0,0,0
307312,2021-02-27 10:58:05,443,69,0,0,1,0,0,0,0,0,0,0,0,0,0,0,0
307360,2021-02-27 11:27:09,464,68,0,0,0,0,0,0,0,0,0,0,0,1,0,0,0
307393,2021-02-27 11:58:06,473,66,0,0,1,0,0,0,0,0,0,0,0,0,0,0,0
307406,2021-02-27 12:09:32,483,67,0,0,0,1,0,0,0,0,0,0,0,0,0,0,0
307415,2021-02-27 12:18:05,494,67,0,0,1,0,0,0,0,0,0,0,0,0,0,0,0
307457,2021-02-27 12:42:14,523,66,0,0,0,0,0,0,0,0,0,0,0,1,0,0,0
307467,2021-02-27 12:48:06,546,66,0,0,1,0,0,0,0,0,0,0,0,0,0,0,0
307483,2021-02-27 12:58:07,791,66,0,0,1,0,0,0,0,0,0,0,0,0,0,0,0
307497,2021-02-27 13:08:07,802,66,0,0,1,0,0,0,0,0,0,0,0,0,0,0,0
307501,2021-02-27 13:12:58,832,65,0,0,0,0,0,0,0,0,0,0,0,1,0,0,0
307558,2021-02-27 13:40:27,906,64,0,1,0,0,1,0,0,0,0,0,0,0,0,0,0
307564,2021-02-27 13:42:47,955,64,0,0,0,0,0,0,0,0,0,0,0,1,0,0,0
307573,2021-02-27 13:48:04,1049,63,0,0,1,0,0,0,0,0,0,0,0,0,0,0,0
307585,2021-02-27 13:58:08,2136,65,0,0,1,0,0,0,0,0,0,0,0,0,0,0,0
307613,2021-02-27 14:28:48,4478,63,0,0,1,0,0,0,0,0,0,0,0,0,0,0,0
307619,2021-02-27 14:30:51,4528,62,0,0,0,1,0,0,0,0,0,0,0,0,0,0,0
307631,2021-02-27 14:39:07,4549,62,0,0,1,0,0,0,0,0,0,0,0,0,0,0,0
307655,2021-02-27 14:53:56,4565,61,0,1,0,0,1,0,0,0,0,0,0,0,0,0,0
307659,2021-02-27 14:58:05,4659,61,0,0,1,0,0,0,0,0,0,0,0,0,0,0,0
307662,2021-02-27 15:01:46,4668,60,0,0,0,0,0,0,0,0,0,0,0,1,0,0,0
307667,2021-02-27 15:07:18,4685,61,0,0,0,0,0,0,0,0,0,0,0,1,0,0,0
307690,2021-02-27 15:27:50,4700,60,0,0,0,0,0,0,0,0,0,0,0,1,0,0,0
307774,2021-02-27 16:08:02,4741,59,0,0,1,0,0,0,0,0,0,0,0,0,0,0,0
307783,2021-02-27 16:16:46,4758,58,0,0,0,0,0,0,0,0,0,0,0,1,0,0,0
307949,2021-02-27 19:04:42,4786,52,0,0,0,1,0,0,0,0,0,0,0,0,0,0,0
307953,2021-02-27 19:08:08,4908,52,0,0,1,0,0,0,0,0,0,0,0,0,0,0,0
307957,2021-02-27 19:14:31,4924,52,0,0,0,1,0,0,0,0,0,0,0,0,0,0,0
307963,2021-02-27 19:29:39,4933,52,0,0,0,1,0,0,0,0,0,0,0,0,0,0,0
307966,2021-02-27 19:33:36,4942,52,0,0,0,0,0,0,0,0,0,0,0,1,0,0,0
307990,2021-02-27 20:38:08,4952,50,0,0,1,0,0,0,0,0,0,0,0,0,0,0,0
307998,2021-02-27 21:18:09,4959,50,0,0,1,0,0,0,0,0,0,0,0,0,0,0,0
308007,2021-02-27 21:48:06,5066,49,0,0,1,0,0,0,0,0,0,0,0,0,0,0,0
308012,2021-02-27 22:26:01,5074,46,0,0,0,0,0,0,0,0,0,0,0,1,0,0,0
308013,2021-02-27 22:38:06,5084,47,0,0,1,0,0,0,0,0,0,0,0,0,0,0,0
308014,2021-02-27 22:40:54,5102,46,0,1,0,0,1,0,0,0,0,0,0,0,0,0,0
308015,2021-02-27 22:48:07,5118,57,1,0,1,0,0,0,0,0,0,0,0,0,0,0,0
308054,2021-02-28 07:28:07,46,59,0,0,1,0,0,0,0,0,0,0,0,0,0,0,0
308062,2021-02-28 07:38:58,233,59,0,0,1,0,0,0,0,0,0,0,0,0,0,0,0
308076,2021-02-28 08:01:50,247,57,0,0,0,1,0,0,0,0,0,0,0,0,0,0,0
308081,2021-02-28 08:08:04,254,57,0,0,1,0,0,0,0,0,0,0,0,0,0,0,0
308088,2021-02-28 08:31:31,304,57,0,0,0,0,0,0,0,0,0,0,0,1,0,0,0
308100,2021-02-28 08:44:10,383,57,0,0,0,0,1,0,0,0,0,0,0,0,0,0,0
308107,2021-02-28 08:56:35,594,56,0,0,0,0,0,0,0,0,0,0,0,1,0,0,0
308108,2021-02-28 08:57:06,611,56,0,0,0,0,1,0,0,0,0,0,0,0,0,0,0
308109,2021-02-28 08:58:09,630,56,0,0,1,0,0,0,0,0,0,0,0,0,0,0,0
308114,2021-02-28 09:06:41,1443,56,0,0,0,0,0,0,0,0,0,0,0,0,1,0,0
308115,2021-02-28 09:06:51,1463,54,0,0,0,0,0,0,0,0,0,0,0,0,1,0,0
308116,2021-02-28 09:07:02,1484,56,0,0,0,0,0,0,0,0,0,0,0,0,1,0,0
308117,2021-02-28 09:07:22,1520,55,0,0,0,0,0,0,0,0,0,0,0,0,1,0,0
308118,2021-02-28 09:07:42,1553,55,0,0,0,0,0,0,0,0,0,0,0,0,1,0,0
308119,2021-02-28 09:07:52,1570,57,0,0,0,0,0,0,0,0,0,0,0,0,1,0,0
308120,2021-02-28 09:08:15,1607,56,0,0,0,0,0,0,0,0,0,0,0,0,1,0,0
308121,2021-02-28 09:08:22,1617,57,0,0,0,0,0,0,0,0,0,0,0,0,1,0,0
308122,2021-02-28 09:08:31,1635,55,0,0,0,0,0,0,0,0,0,0,0,0,1,0,0
308124,2021-02-28 09:12:00,1798,56,0,0,0,0,0,0,0,0,0,0,0,0,1,0,0
308170,2021-02-28 10:29:07,1874,51,0,0,1,0,0,0,0,0,0,0,0,0,0,0,0
308174,2021-02-28 10:37:46,1922,51,0,0,0,0,0,0,0,0,0,0,0,0,1,0,0
308181,2021-02-28 10:49:45,2065,51,0,0,0,0,0,0,0,0,0,0,0,0,1,0,0
308185,2021-02-28 10:52:32,2194,52,0,0,0,0,0,0,0,0,0,0,0,0,1,0,0
308186,2021-02-28 10:52:41,2204,52,0,0,0,0,0,0,0,0,0,0,0,0,1,0,0
308187,2021-02-28 10:52:52,2220,52,0,0,0,0,0,0,0,0,0,0,0,0,1,0,0
308188,2021-02-28 10:53:01,2231,51,0,0,0,0,0,0,0,0,0,0,0,0,1,0,0
308190,2021-02-28 10:55:00,2326,50,0,0,0,0,0,0,0,0,0,0,0,0,1,0,0
308193,2021-02-28 10:57:26,2335,52,0,0,0,0,0,0,0,0,0,0,0,0,1,0,0
308200,2021-02-28 11:03:40,2373,52,0,0,0,0,0,0,0,0,0,0,0,0,1,0,0
308201,2021-02-28 11:03:50,2393,52,0,0,0,0,0,0,0,0,0,0,0,0,1,0,0
308202,2021-02-28 11:04:10,2429,51,0,0,0,0,0,0,0,0,0,0,0,0,1,0,0
308203,2021-02-28 11:04:19,2448,51,0,0,0,0,0,0,0,0,0,0,0,0,1,0,0
308204,2021-02-28 11:04:29,2468,51,0,0,0,0,0,0,0,0,0,0,0,0,1,0,0
308205,2021-02-28 11:04:39,2487,50,0,0,0,0,0,0,0,0,0,0,0,0,1,0,0
308206,2021-02-28 11:04:49,2507,51,0,0,0,0,0,0,0,0,0,0,0,0,1,0,0
308207,2021-02-28 11:04:59,2532,51,0,0,0,0,0,0,0,0,0,0,0,0,1,0,0
308208,2021-02-28 11:05:23,2585,51,0,0,0,0,0,0,0,0,0,0,0,0,1,0,0
308211,2021-02-28 11:11:05,2910,51,0,0,1,0,0,0,0,0,0,0,0,0,0,0,0
308228,2021-02-28 11:21:33,3423,52,0,0,1,0,0,0,0,0,0,0,0,0,0,0,0
308236,2021-02-28 11:28:03,3558,51,0,0,1,0,0,0,0,0,0,0,0,0,0,0,0
308253,2021-02-28 11:41:33,4336,50,0,0,0,0,0,0,0,0,0,0,0,0,1,0,0
308254,2021-02-28 11:41:44,4349,51,0,0,0,0,0,0,0,0,0,0,0,0,1,0,0
308255,2021-02-28 11:41:45,4347,50,0,0,1,0,0,0,0,0,0,0,0,0,0,0,0
308257,2021-02-28 11:42:17,4399,51,0,0,0,0,0,0,0,0,0,0,0,0,1,0,0
308258,2021-02-28 11:42:36,4406,50,0,0,0,0,0,0,0,0,0,0,0,0,1,0,0
308272,2021-02-28 11:48:07,4443,50,0,0,1,0,0,0,0,0,0,0,0,0,0,0,0
308273,2021-02-28 11:52:04,4460,50,0,0,0,0,0,0,0,0,0,0,0,0,1,0,0
308275,2021-02-28 11:52:15,4474,50,0,0,0,0,0,0,0,0,0,0,0,0,1,0,0
308276,2021-02-28 11:52:46,4525,50,0,0,0,0,0,0,0,0,0,0,0,0,1,0,0
308277,2021-02-28 11:52:55,4542,50,0,0,0,0,0,0,0,0,0,0,0,0,1,0,0
308278,2021-02-28 11:53:05,4560,50,0,0,0,0,0,0,0,0,0,0,0,0,1,0,0
308279,2021-02-28 11:53:15,4578,50,0,0,0,0,0,0,0,0,0,0,0,0,1,0,0
308280,2021-02-28 11:53:23,4593,50,0,0,0,0,0,0,0,0,0,0,0,0,1,0,0
308281,2021-02-28 11:53:33,4611,50,0,0,0,0,0,0,0,0,0,0,0,0,1,0,0
308282,2021-02-28 11:53:43,4627,50,0,0,0,0,0,0,0,0,0,0,0,0,1,0,0
308283,2021-02-28 11:53:53,4643,50,0,0,0,0,0,0,0,0,0,0,0,0,1,0,0
308284,2021-02-28 11:54:03,4660,50,0,0,0,0,0,0,0,0,0,0,0,0,1,0,0
308285,2021-02-28 11:54:13,4678,50,0,0,0,0,0,0,0,0,0,0,0,0,1,0,0
308287,2021-02-28 11:54:23,4697,50,0,0,0,0,0,0,0,0,0,0,0,0,1,0,0
308289,2021-02-28 11:54:33,4716,50,0,0,0,0,0,0,0,0,0,0,0,0,1,0,0
308293,2021-02-28 11:58:03,5109,50,0,0,1,0,0,0,0,0,0,0,0,0,0,0,0
308312,2021-02-28 12:08:04,5701,50,0,0,1,0,0,0,0,0,0,0,0,0,0,0,0
308318,2021-02-28 12:14:22,5756,50,0,1,0,0,1,0,0,0,0,0,0,0,0,0,0
308323,2021-02-28 12:18:06,5787,50,0,0,1,0,0,0,0,0,0,0,0,0,0,0,0
308325,2021-02-28 12:18:58,5804,49,0,0,0,1,0,0,0,0,0,0,0,0,0,0,0
308326,2021-02-28 12:21:38,5816,49,0,0,0,1,0,0,0,0,0,0,0,0,0,0,0
308331,2021-02-28 12:28:08,5823,50,0,0,1,0,0,0,0,0,0,0,0,0,0,0,0
308336,2021-02-28 12:34:34,5838,48,0,0,0,1,0,0,0,0,0,0,0,0,0,0,0
308339,2021-02-28 12:37:56,5865,48,0,0,0,1,0,0,0,0,0,0,0,0,0,0,0
308361,2021-02-28 13:01:32,5872,47,0,0,0,1,0,0,0,0,0,0,0,0,0,0,0
308370,2021-02-28 13:09:58,5881,47,0,0,0,0,0,0,0,0,0,0,0,0,0,0,1
308379,2021-02-28 13:17:08,5969,46,0,0,0,0,0,0,0,0,0,0,0,1,0,0,0
308386,2021-02-28 13:28:05,6005,48,0,0,1,0,0,0,0,0,0,0,0,0,0,0,0
308387,2021-02-28 13:29:39,6022,47,0,0,0,0,0,0,0,0,0,0,0,1,0,0,0
308393,2021-02-28 13:33:45,6035,47,0,0,0,0,1,0,0,0,0,0,0,0,0,0,0
308402,2021-02-28 13:38:52,6098,46,0,0,1,0,0,0,0,0,0,0,0,0,0,0,0
308403,2021-02-28 13:40:28,6108,47,0,1,0,0,1,0,0,0,0,0,0,0,0,0,0
308418,2021-02-28 13:48:34,6678,46,0,0,1,0,0,0,0,0,0,0,0,0,0,0,0
308427,2021-02-28 13:56:12,7239,45,0,0,0,0,0,0,0,0,0,0,0,0,1,0,0
308431,2021-02-28 13:58:04,7403,46,0,0,1,0,0,0,0,0,0,0,0,0,0,0,0
308432,2021-02-28 13:58:22,7429,47,0,0,0,0,0,0,0,0,0,0,0,0,1,0,0
308434,2021-02-28 13:58:32,7445,46,0,0,0,0,0,0,0,0,0,0,0,0,1,0,0
308443,2021-02-28 14:10:28,7486,44,0,0,1,0,0,0,0,0,0,0,0,0,0,0,0
308574,2021-02-28 15:51:15,7505,41,0,0,1,0,0,0,0,0,0,0,0,0,0,0,0
308604,2021-02-28 16:08:04,7877,40,0,0,0,0,0,0,0,0,0,0,0,0,1,0,0
308605,2021-02-28 16:08:07,7882,40,0,0,1,0,0,0,0,0,0,0,0,0,0,0,0
308616,2021-02-28 16:13:42,8455,41,0,0,0,0,1,0,0,0,0,0,0,0,0,0,0
308641,2021-02-28 16:22:18,8861,41,0,0,0,0,1,0,0,0,0,0,0,0,0,0,0
308715,2021-02-28 16:38:52,9077,39,0,0,1,0,0,0,0,0,0,0,0,0,0,0,0
308778,2021-02-28 16:54:59,9104,37,0,0,0,0,0,0,0,0,0,0,0,1,0,0,0
308844,2021-02-28 17:18:07,9115,38,0,0,1,0,0,0,0,0,0,0,0,0,0,0,0
308915,2021-02-28 17:36:57,9249,37,0,1,0,0,0,0,0,0,0,0,0,0,1,0,0
308921,2021-02-28 17:47:29,9259,36,0,0,0,0,0,0,0,0,0,0,0,1,0,0,0
308952,2021-02-28 18:41:21,9266,34,0,0,0,0,0,0,0,0,0,0,0,1,0,0,0
308953,2021-02-28 18:41:55,9277,34,0,0,0,1,0,0,0,0,0,0,0,0,0,0,0
308968,2021-02-28 18:58:05,9304,35,0,0,1,0,0,0,0,0,0,0,0,0,0,0,0
309004,2021-02-28 19:32:10,9366,33,0,1,0,0,0,0,0,0,0,0,0,0,1,0,0
309007,2021-02-28 19:38:09,9383,34,0,0,1,0,0,0,0,0,0,0,0,0,0,0,0
309014,2021-02-28 19:48:09,9398,33,0,0,0,0,0,0,0,0,0,0,0,1,0,0,0
309021,2021-02-28 20:05:58,9407,33,0,0,0,0,0,0,0,0,0,0,0,1,0,0,0
309025,2021-02-28 20:18:06,9426,33,0,0,1,0,0,0,0,0,0,0,0,0,0,0,0
309032,2021-02-28 20:58:06,9443,33,0,0,1,0,0,0,0,0,0,0,0,0,0,0,0
309039,2021-02-28 21:29:49,9450,33,0,0,0,0,0,0,0,0,0,0,0,1,0,0,0
309041,2021-02-28 21:49:05,9495,32,0,0,0,0,0,0,0,0,0,0,0,1,0,0,0
309044,2021-02-28 21:58:09,9530,31,0,0,1,0,0,0,0,0,0,0,0,0,0,0,0
309322,2021-03-01 10:08:22,7,54,0,0,0,1,0,0,0,0,0,0,0,0,0,0,0
309326,2021-03-01 10:11:17,15,54,0,0,0,1,0,0,0,0,0,0,0,0,0,0,0
309437,2021-03-01 10:38:16,22,52,0,0,0,0,0,0,0,0,0,0,0,1,0,0,0
309474,2021-03-01 11:08:09,36,51,0,0,1,0,0,0,0,0,0,0,0,0,0,0,0
309480,2021-03-01 11:13:47,95,50,0,0,0,0,0,0,0,0,0,0,0,1,0,0,0
309520,2021-03-01 12:14:56,102,50,0,0,0,0,0,0,0,0,0,0,0,1,0,0,0
309522,2021-03-01 12:15:25,110,50,0,0,0,0,0,0,0,0,0,0,0,1,0,0,0
309523,2021-03-01 12:15:31,117,49,0,0,0,0,0,0,0,0,0,0,0,1,0,0,0
309532,2021-03-01 12:29:31,139,49,0,0,0,0,0,0,0,0,0,0,0,1,0,0,0
309543,2021-03-01 12:48:06,150,48,0,0,1,0,0,0,0,0,0,0,0,0,0,0,0
309553,2021-03-01 12:58:06,165,50,0,0,1,0,0,0,0,0,0,0,0,0,0,0,0
309562,2021-03-01 13:09:13,177,48,0,0,1,0,0,0,0,0,0,0,0,0,0,0,0
309595,2021-03-01 14:08:07,185,47,0,0,1,0,0,0,0,0,0,0,0,0,0,0,0
309691,2021-03-01 16:02:49,224,42,0,0,0,0,0,0,0,0,0,0,0,1,0,0,0
309714,2021-03-01 16:28:11,260,41,0,0,1,0,0,0,0,0,0,0,0,0,0,0,0
309730,2021-03-01 16:35:49,270,40,0,0,0,0,1,0,0,0,0,0,0,0,0,0,0
309754,2021-03-01 17:10:59,283,37,0,0,0,0,0,0,0,0,0,0,0,1,0,0,0
309755,2021-03-01 17:11:03,292,38,0,0,0,0,0,0,0,0,0,0,0,1,0,0,0
309758,2021-03-01 17:13:06,370,38,0,0,0,0,0,0,0,0,0,0,0,1,0,0,0
309768,2021-03-01 17:27:36,413,38,0,0,0,0,0,0,0,0,0,0,0,1,0,0,0
309771,2021-03-01 17:29:24,423,38,0,0,0,0,0,0,0,0,0,0,0,1,0,0,0
309784,2021-03-01 17:56:29,430,37,0,0,0,0,0,0,0,0,0,0,0,1,0,0,0
309825,2021-03-01 18:53:39,439,34,0,0,0,1,0,0,0,0,0,0,0,0,0,0,0
309828,2021-03-01 18:57:00,457,34,0,0,0,1,0,0,0,0,0,0,0,0,0,0,0
309837,2021-03-01 19:08:07,465,35,0,0,1,0,0,0,0,0,0,0,0,0,0,0,0
309861,2021-03-01 20:18:06,473,34,0,0,1,0,0,0,0,0,0,0,0,0,0,0,0
309868,2021-03-01 20:38:07,480,34,0,0,1,0,0,0,0,0,0,0,0,0,0,0,0
309872,2021-03-01 20:58:07,504,33,0,0,1,0,0,0,0,0,0,0,0,0,0,0,0
309879,2021-03-01 21:08:06,577,33,0,0,1,0,0,0,0,0,0,0,0,0,0,0,0
309914,2021-03-02 06:18:07,45,71,0,0,1,0,0,0,0,0,0,0,0,0,0,0,0
309916,2021-03-02 06:28:41,52,71,0,0,1,0,0,0,0,0,0,0,0,0,0,0,0
309920,2021-03-02 06:38:08,59,70,0,0,1,0,0,0,0,0,0,0,0,0,0,0,0
309922,2021-03-02 06:58:06,92,70,0,0,1,0,0,0,0,0,0,0,0,0,0,0,0
309927,2021-03-02 07:18:07,102,69,0,0,1,0,0,0,0,0,0,0,0,0,0,0,0
309943,2021-03-02 08:10:51,290,67,0,0,0,1,0,0,0,0,0,0,0,0,0,0,0
309948,2021-03-02 08:18:05,322,68,0,0,1,0,0,0,0,0,0,0,0,0,0,0,0
309959,2021-03-02 08:28:07,381,67,0,0,1,0,0,0,0,0,0,0,0,0,0,0,0
309970,2021-03-02 08:38:06,388,66,0,0,1,0,0,0,0,0,0,0,0,0,0,0,0
309998,2021-03-02 09:08:04,403,66,0,0,1,0,0,0,0,0,0,0,0,0,0,0,0
310078,2021-03-02 10:18:07,456,63,0,0,1,0,0,0,0,0,0,0,0,0,0,0,0
310086,2021-03-02 10:25:22,472,63,0,0,0,0,0,0,0,0,0,0,0,1,0,0,0
310111,2021-03-02 10:38:07,483,62,0,0,1,0,0,0,0,0,0,0,0,0,0,0,0
310155,2021-03-02 11:08:04,732,63,0,0,1,0,0,0,0,0,0,0,0,0,0,0,0
310175,2021-03-02 11:18:07,760,61,0,0,1,0,0,0,0,0,0,0,0,0,0,0,0
310187,2021-03-02 11:28:05,888,61,0,0,1,0,0,0,0,0,0,0,0,0,0,0,0
310213,2021-03-02 11:38:04,1307,61,0,0,1,0,0,0,0,0,0,0,0,0,0,0,0
310221,2021-03-02 11:42:03,1607,61,0,0,0,0,0,0,0,0,0,0,0,0,1,0,0
310222,2021-03-02 11:42:14,1615,61,0,0,0,0,0,0,0,0,0,0,0,0,1,0,0
310236,2021-03-02 11:48:04,1622,60,0,0,1,0,0,0,0,0,0,0,0,0,0,0,0
310257,2021-03-02 12:03:08,1690,59,0,0,0,0,0,0,0,0,0,0,0,0,1,0,0
310258,2021-03-02 12:03:33,1731,60,0,0,0,0,0,0,0,0,0,0,0,0,1,0,0
310260,2021-03-02 12:03:51,1764,59,0,0,0,0,0,0,0,0,0,0,0,0,1,0,0
310267,2021-03-02 12:08:03,2250,59,0,0,1,0,0,0,0,0,0,0,0,0,0,0,0
310278,2021-03-02 12:18:04,3419,60,0,0,1,0,0,0,0,0,0,0,0,0,0,0,0
310290,2021-03-02 12:28:04,4660,58,0,0,1,0,0,0,0,0,0,0,0,0,0,0,0
310304,2021-03-02 12:38:03,5889,60,0,0,1,0,0,0,0,0,0,0,0,0,0,0,0
310312,2021-03-02 12:48:06,6985,58,0,0,1,0,0,0,0,0,0,0,0,0,0,0,0
310322,2021-03-02 12:58:09,8200,58,0,0,1,0,0,0,0,0,0,0,0,0,0,0,0
310332,2021-03-02 13:08:04,9358,58,0,0,1,0,0,0,0,0,0,0,0,0,0,0,0
310348,2021-03-02 13:18:02,10534,57,0,0,1,0,0,0,0,0,0,0,0,0,0,0,0
310355,2021-03-02 13:28:04,11688,56,0,0,1,0,0,0,0,0,0,0,0,0,0,0,0
310364,2021-03-02 13:38:04,12851,57,0,0,1,0,0,0,0,0,0,0,0,0,0,0,0
310381,2021-03-02 13:48:02,13975,56,0,0,1,0,0,0,0,0,0,0,0,0,0,0,0
310392,2021-03-02 13:58:47,15190,56,0,0,0,0,1,0,0,0,0,0,0,0,0,0,0
310394,2021-03-02 13:59:16,15234,56,0,0,0,0,0,0,0,0,0,0,0,0,1,0,0
310395,2021-03-02 13:59:37,15259,56,0,0,0,0,0,0,0,0,0,0,0,0,1,0,0
310396,2021-03-02 13:59:47,15269,57,0,0,0,0,0,0,0,0,0,0,0,0,1,0,0
310397,2021-03-02 13:59:57,15284,56,0,0,0,0,0,0,0,0,0,0,0,0,1,0,0
310399,2021-03-02 14:00:17,15287,55,0,0,0,0,0,0,0,0,0,0,0,0,1,0,0
310404,2021-03-02 14:03:23,15394,56,0,0,0,0,0,0,0,0,0,0,0,0,1,0,0
310405,2021-03-02 14:04:42,15401,56,0,0,0,0,0,0,0,0,0,0,0,0,1,0,0
310420,2021-03-02 14:24:22,15449,56,0,0,0,0,0,0,0,0,0,0,0,0,1,0,0
310424,2021-03-02 14:25:43,15494,56,0,0,0,0,0,0,0,0,0,0,0,0,1,0,0
310425,2021-03-02 14:25:54,15506,55,0,0,0,0,0,0,0,0,0,0,0,0,1,0,0
310426,2021-03-02 14:28:05,15609,55,0,0,1,0,0,0,0,0,0,0,0,0,0,0,0
310432,2021-03-02 14:38:04,15647,55,0,0,1,0,0,0,0,0,0,0,0,0,0,0,0
310439,2021-03-02 14:48:03,15654,54,0,0,1,0,0,0,0,0,0,0,0,0,0,0,0
310458,2021-03-02 15:08:03,15669,53,0,0,1,0,0,0,0,0,0,0,0,0,0,0,0
310464,2021-03-02 15:18:03,15699,53,0,0,1,0,0,0,0,0,0,0,0,0,0,0,0
310473,2021-03-02 15:28:12,16778,53,0,0,1,0,0,0,0,0,0,0,0,0,0,0,0
310481,2021-03-02 15:38:04,17018,53,0,0,1,0,0,0,0,0,0,0,0,0,0,0,0
310490,2021-03-02 15:49:42,17033,52,0,0,0,0,0,0,0,0,0,0,0,1,0,0,0
310568,2021-03-02 17:38:05,17051,48,0,0,1,0,0,0,0,0,0,0,0,0,0,0,0
310579,2021-03-02 17:47:37,17079,49,0,0,0,0,1,0,0,0,0,0,0,0,0,0,0
310587,2021-03-02 18:03:20,17088,47,0,0,0,0,0,0,0,0,0,0,0,1,0,0,0
310599,2021-03-02 18:25:56,17099,46,0,0,0,0,0,0,0,0,0,0,0,1,0,0,0
310611,2021-03-02 18:48:06,17106,47,0,0,1,0,0,0,0,0,0,0,0,0,0,0,0
310617,2021-03-02 18:55:09,17113,46,0,0,0,0,0,0,0,0,0,0,0,1,0,0,0
310631,2021-03-02 19:24:00,17140,45,0,0,0,0,0,0,0,0,0,0,0,1,0,0,0
310641,2021-03-02 19:48:05,17150,45,0,0,1,0,0,0,0,0,0,0,0,0,0,0,0
310657,2021-03-02 20:38:06,17157,42,0,0,1,0,0,0,0,0,0,0,0,0,0,0,0
310660,2021-03-02 20:48:07,17164,43,0,0,1,0,0,0,0,0,0,0,0,0,0,0,0
310667,2021-03-02 21:28:33,17194,40,0,0,0,0,0,0,0,0,0,0,0,1,0,0,0
310669,2021-03-02 21:33:08,17214,40,0,0,0,0,1,0,0,0,0,0,0,0,0,0,0
311191,2021-03-03 15:04:45,7,61,0,0,0,0,1,0,0,0,0,0,0,0,0,0,0
311202,2021-03-03 15:18:05,42,58,0,0,1,0,0,0,0,0,0,0,0,0,0,0,0
311211,2021-03-03 15:28:08,49,58,0,0,1,0,0,0,0,0,0,0,0,0,0,0,0
311238,2021-03-03 15:48:07,107,59,0,0,1,0,0,0,0,0,0,0,0,0,0,0,0
311249,2021-03-03 15:58:07,117,58,0,0,1,0,0,0,0,0,0,0,0,0,0,0,0
311280,2021-03-03 16:30:27,132,56,0,0,0,0,0,0,0,0,0,0,0,1,0,0,0
311301,2021-03-03 16:51:18,139,56,0,0,1,0,0,0,0,0,0,0,0,0,0,0,0
311314,2021-03-03 17:08:09,146,54,0,0,1,0,0,0,0,0,0,0,0,0,0,0,0
311327,2021-03-03 17:17:05,158,55,0,0,0,0,0,0,0,0,0,0,0,1,0,0,0
311330,2021-03-03 17:20:08,167,54,0,0,0,0,0,0,0,0,0,0,0,1,0,0,0
311353,2021-03-03 17:40:29,186,55,0,0,1,0,0,0,0,0,0,0,0,0,0,0,0
311355,2021-03-03 17:41:12,193,53,0,0,0,0,0,0,0,0,0,0,0,1,0,0,0
311373,2021-03-03 18:04:29,214,53,0,0,0,0,0,0,0,0,0,0,0,1,0,0,0
311387,2021-03-03 18:20:01,230,53,0,0,0,0,0,0,0,0,0,0,0,1,0,0,0
311398,2021-03-03 18:25:40,244,53,0,0,0,0,0,0,0,0,0,0,0,1,0,0,0
311411,2021-03-03 18:38:10,268,52,0,0,1,0,0,0,0,0,0,0,0,0,0,0,0
311422,2021-03-03 19:08:08,275,51,0,0,1,0,0,0,0,0,0,0,0,0,0,0,0
311423,2021-03-03 19:11:54,286,50,0,1,0,0,1,0,0,0,0,0,0,0,0,0,0
311427,2021-03-03 19:18:07,359,50,0,0,1,0,0,0,0,0,0,0,0,0,0,0,0
311429,2021-03-03 19:28:09,382,51,0,0,1,0,0,0,0,0,0,0,0,0,0,0,0
311441,2021-03-03 19:38:07,390,50,0,0,1,0,0,0,0,0,0,0,0,0,0,0,0
311443,2021-03-03 19:46:11,400,50,0,0,0,0,0,0,0,0,0,0,0,1,0,0,0
311477,2021-03-03 20:31:15,593,48,0,0,1,0,0,0,0,0,0,0,0,0,0,0,0
311494,2021-03-03 22:01:45,1000,80,1,0,1,0,0,0,0,0,0,0,0,0,0,0,0
311547,2021-03-04 06:40:27,84,82,0,0,1,0,0,0,0,0,0,0,0,0,0,0,0
311549,2021-03-04 06:48:07,147,81,0,0,1,0,0,0,0,0,0,0,0,0,0,0,0
311551,2021-03-04 06:58:07,176,81,0,0,1,0,0,0,0,0,0,0,0,0,0,0,0
311609,2021-03-04 08:18:06,211,78,0,0,1,0,0,0,0,0,0,0,0,0,0,0,0
311658,2021-03-04 09:02:11,441,76,0,0,0,0,0,0,0,0,0,0,0,1,0,0,0
311667,2021-03-04 09:12:27,448,75,0,0,0,0,0,0,0,0,0,0,0,0,0,0,1
311668,2021-03-04 09:14:09,458,74,0,0,0,0,0,0,0,0,0,0,0,0,0,0,1
311669,2021-03-04 09:14:50,465,75,0,0,0,0,0,0,0,0,0,0,0,0,0,0,1
311675,2021-03-04 09:21:20,473,75,0,0,0,0,0,0,0,0,0,0,0,0,0,0,1
311676,2021-03-04 09:21:24,474,75,0,0,0,0,0,0,0,0,0,0,0,0,0,0,1
311679,2021-03-04 09:22:35,484,74,0,0,0,0,0,0,0,0,0,0,0,0,0,0,1
311682,2021-03-04 09:25:15,493,75,0,0,0,0,0,0,0,0,0,0,0,0,0,0,1
311687,2021-03-04 09:30:06,507,75,0,0,1,0,0,0,0,0,0,0,0,0,0,0,0
311704,2021-03-04 09:38:06,514,75,0,0,1,0,0,0,0,0,0,0,0,0,0,0,0
311726,2021-03-04 09:51:51,535,73,0,0,0,0,0,0,0,0,0,0,0,0,0,0,1
311730,2021-03-04 09:52:38,544,74,0,0,0,0,0,0,0,0,0,0,0,0,0,0,1
311732,2021-03-04 09:54:21,551,74,0,1,0,0,1,0,0,0,0,0,0,0,0,0,0
311747,2021-03-04 10:00:31,636,74,0,0,1,0,0,0,0,0,0,0,0,0,0,0,0
311765,2021-03-04 10:05:30,671,73,0,0,0,0,0,0,0,0,0,0,0,1,0,0,0
311787,2021-03-04 10:14:42,794,73,0,1,0,0,1,0,0,0,0,0,0,0,0,0,0
311804,2021-03-04 10:20:01,1294,74,0,0,1,0,0,0,0,0,0,0,0,0,0,0,0
311820,2021-03-04 10:30:03,2451,73,0,0,1,0,0,0,0,0,0,0,0,0,0,0,0
311842,2021-03-04 10:40:25,3640,73,0,0,1,0,0,0,0,0,0,0,0,0,0,0,0
311875,2021-03-04 10:58:04,5420,72,0,0,1,0,0,0,0,0,0,0,0,0,0,0,0
311889,2021-03-04 11:08:05,5888,70,0,0,1,0,0,0,0,0,0,0,0,0,0,0,0
311890,2021-03-04 11:08:46,5912,71,0,0,0,0,1,0,0,0,0,0,0,0,0,0,0
311900,2021-03-04 11:14:48,6543,72,0,0,0,0,1,0,0,0,0,0,0,0,0,0,0
311912,2021-03-04 11:23:03,7207,70,0,0,1,0,0,0,0,0,0,0,0,0,0,0,0
311931,2021-03-04 11:36:33,8592,71,0,0,0,0,1,0,0,0,0,0,0,0,0,0,0
311951,2021-03-04 11:48:04,9220,69,0,0,1,0,0,0,0,0,0,0,0,0,0,0,0
311972,2021-03-04 12:02:19,10201,69,0,0,1,0,0,0,0,0,0,0,0,0,0,0,0
312014,2021-03-04 12:27:18,10893,67,0,0,0,0,0,0,0,0,0,0,0,0,1,0,0
312017,2021-03-04 12:28:37,10900,68,0,0,0,0,0,0,0,0,0,0,0,0,1,0,0
312029,2021-03-04 12:37:29,10938,68,0,0,0,0,0,0,0,0,0,0,0,0,1,0,0
312034,2021-03-04 12:40:04,11170,67,0,0,1,0,0,0,0,0,0,0,0,0,0,0,0
312038,2021-03-04 12:44:46,11274,67,0,0,0,0,0,0,0,0,0,0,0,0,0,0,1
312042,2021-03-04 12:45:15,11300,67,0,0,0,0,0,0,0,0,0,0,0,0,0,0,1
312046,2021-03-04 12:48:07,11315,68,0,0,1,0,0,0,0,0,0,0,0,0,0,0,0
312055,2021-03-04 12:55:59,11325,67,0,0,0,1,0,0,0,0,0,0,0,0,0,0,0
312068,2021-03-04 13:03:15,11333,66,0,0,0,0,0,0,0,0,0,0,0,1,0,0,0
312092,2021-03-04 13:22:23,11400,66,0,0,0,0,0,0,0,0,0,0,0,1,0,0,0
312098,2021-03-04 13:26:06,11517,65,0,0,0,0,1,0,0,0,0,0,0,0,0,0,0
312099,2021-03-04 13:26:07,11520,66,0,0,0,0,0,1,0,0,0,0,0,0,0,0,0
312107,2021-03-04 13:30:52,11715,66,0,0,1,0,0,0,0,0,0,0,0,0,0,0,0
312117,2021-03-04 13:38:07,11738,66,0,0,1,0,0,0,0,0,0,0,0,0,0,0,0
312265,2021-03-04 15:19:49,12074,63,0,0,1,0,0,0,0,0,0,0,0,0,0,0,0
312272,2021-03-04 15:28:08,12785,63,0,0,1,0,0,0,0,0,0,0,0,0,0,0,0
312274,2021-03-04 15:33:23,12860,62,0,0,0,0,0,0,0,0,0,0,0,1,0,0,0
312288,2021-03-04 15:48:31,12939,61,0,1,0,0,1,0,0,0,0,0,0,0,0,0,0
312290,2021-03-04 15:50:57,12952,61,0,0,0,0,0,0,0,0,0,0,0,1,0,0,0
312413,2021-03-04 17:27:07,12959,58,0,0,0,0,0,0,0,0,0,0,0,0,0,0,1
312433,2021-03-04 17:50:07,12976,57,0,0,1,0,0,0,0,0,0,0,0,0,0,0,0
312482,2021-03-04 18:33:10,13108,55,0,1,0,0,1,0,0,0,0,0,0,0,0,0,0
312502,2021-03-04 18:49:39,13161,55,0,0,1,0,0,0,0,0,0,0,0,0,0,0,0
312512,2021-03-04 18:58:07,13168,55,0,0,1,0,0,0,0,0,0,0,0,0,0,0,0
312539,2021-03-04 19:16:32,13190,54,0,0,0,0,0,0,0,0,0,0,0,1,0,0,0
312540,2021-03-04 19:18:59,13198,54,0,0,0,0,0,0,0,0,0,0,0,1,0,0,0
312548,2021-03-04 19:31:20,13227,53,0,0,0,1,0,0,0,0,0,0,0,0,0,0,0
312550,2021-03-04 19:33:51,13267,53,0,0,0,0,0,0,0,0,0,0,0,1,0,0,0
312552,2021-03-04 19:36:26,13284,53,0,0,0,1,0,0,0,0,0,0,0,0,0,0,0
312554,2021-03-04 19:39:19,13301,53,0,0,0,0,0,0,0,0,0,0,0,0,0,0,1
312556,2021-03-04 19:43:56,13319,53,0,0,0,0,0,0,0,0,0,0,0,1,0,0,0
312564,2021-03-04 19:53:11,13333,53,0,0,0,0,0,0,0,0,0,0,0,1,0,0,0
312574,2021-03-04 20:24:40,13363,52,0,0,0,0,0,0,0,0,0,0,0,1,0,0,0
312588,2021-03-04 20:58:07,13371,51,0,0,1,0,0,0,0,0,0,0,0,0,0,0,0
312599,2021-03-04 21:52:30,13406,50,0,1,0,0,1,0,0,0,0,0,0,0,0,0,0
312600,2021-03-04 22:11:08,13502,49,0,0,1,0,0,0,0,0,0,0,0,0,0,0,0
312734,2021-03-05 08:58:06,211,62,0,0,1,0,0,0,0,0,0,0,0,0,0,0,0
312744,2021-03-05 09:08:08,358,61,0,0,1,0,0,0,0,0,0,0,0,0,0,0,0
312747,2021-03-05 09:09:10,403,61,0,0,0,0,0,0,0,0,0,0,0,1,0,0,0
312752,2021-03-05 09:18:06,425,61,0,0,1,0,0,0,0,0,0,0,0,0,0,0,0
312756,2021-03-05 09:23:08,440,60,0,1,0,0,1,0,0,0,0,0,0,0,0,0,0
312765,2021-03-05 09:30:28,584,61,0,0,1,0,0,0,0,0,0,0,0,0,0,0,0
312773,2021-03-05 09:41:07,1531,60,0,0,1,0,0,0,0,0,0,0,0,0,0,0,0
312789,2021-03-05 09:50:45,1907,60,0,0,1,0,0,0,0,0,0,0,0,0,0,0,0
312802,2021-03-05 09:58:04,2138,60,0,0,1,0,0,0,0,0,0,0,0,0,0,0,0
312814,2021-03-05 10:04:48,2187,58,0,0,0,0,0,0,0,0,0,0,0,0,1,0,0
312819,2021-03-05 10:05:07,2196,60,0,0,0,0,0,0,0,0,0,0,0,0,1,0,0
312820,2021-03-05 10:05:17,2203,60,0,0,0,0,0,0,0,0,0,0,0,0,1,0,0
312824,2021-03-05 10:07:04,2211,60,0,0,0,0,0,0,0,0,0,0,0,0,1,0,0
312835,2021-03-05 10:16:09,2239,59,0,0,0,0,1,0,0,0,0,0,0,0,0,0,0
312839,2021-03-05 10:18:27,2400,58,0,0,1,0,0,0,0,0,0,0,0,0,0,0,0
312847,2021-03-05 10:23:35,2689,59,0,0,0,0,0,0,0,0,0,0,0,0,1,0,0
312848,2021-03-05 10:23:44,2702,60,0,0,0,0,0,0,0,0,0,0,0,0,1,0,0
312849,2021-03-05 10:23:54,2717,59,0,0,0,0,0,0,0,0,0,0,0,0,1,0,0
312850,2021-03-05 10:24:03,2730,59,0,0,0,0,0,0,0,0,0,0,0,0,1,0,0
312917,2021-03-05 10:59:06,3061,56,0,0,1,0,0,0,0,0,0,0,0,0,0,0,0
313052,2021-03-05 11:54:53,6135,56,0,0,0,0,1,0,0,0,0,0,0,0,0,0,0
313060,2021-03-05 11:58:04,6471,56,0,0,1,0,0,0,0,0,0,0,0,0,0,0,0
313075,2021-03-05 12:08:03,7549,55,0,0,1,0,0,0,0,0,0,0,0,0,0,0,0
313096,2021-03-05 12:18:04,7679,55,0,0,1,0,0,0,0,0,0,0,0,0,0,0,0
313117,2021-03-05 12:24:59,7727,53,0,0,0,0,1,0,0,0,0,0,0,0,0,0,0
313130,2021-03-05 12:27:18,7753,54,0,0,0,0,0,1,0,0,0,0,0,0,0,0,0
313135,2021-03-05 12:28:04,7797,54,0,0,1,0,0,0,0,0,0,0,0,0,0,0,0
313160,2021-03-05 12:38:04,8782,55,0,0,1,0,0,0,0,0,0,0,0,0,0,0,0
313169,2021-03-05 12:44:45,9387,54,0,0,0,0,1,0,0,0,0,0,0,0,0,0,0
313175,2021-03-05 12:48:03,9394,54,0,0,1,0,0,0,0,0,0,0,0,0,0,0,0
313188,2021-03-05 12:58:05,9637,53,0,0,1,0,0,0,0,0,0,0,0,0,0,0,0
313204,2021-03-05 13:07:04,10305,53,0,0,0,0,1,0,0,0,0,0,0,0,0,0,0
313205,2021-03-05 13:08:04,10402,53,0,0,1,0,0,0,0,0,0,0,0,0,0,0,0
313225,2021-03-05 13:18:04,11268,53,0,0,1,0,0,0,0,0,0,0,0,0,0,0,0
313251,2021-03-05 13:28:04,12300,52,0,0,1,0,0,0,0,0,0,0,0,0,0,0,0
313269,2021-03-05 13:38:04,13046,52,0,0,1,0,0,0,0,0,0,0,0,0,0,0,0
313283,2021-03-05 13:48:04,13991,53,0,0,1,0,0,0,0,0,0,0,0,0,0,0,0
313291,2021-03-05 13:52:02,14315,51,0,0,0,0,1,0,0,0,0,0,0,0,0,0,0
313307,2021-03-05 14:01:32,14329,51,0,0,0,0,0,0,0,0,0,0,0,0,1,0,0
313318,2021-03-05 14:07:17,14364,50,0,0,0,0,0,0,0,0,0,0,0,0,1,0,0
313321,2021-03-05 14:11:15,14371,50,0,0,0,0,0,0,0,0,0,0,0,0,1,0,0
313322,2021-03-05 14:11:44,14378,50,0,0,0,0,0,0,0,0,0,0,0,0,1,0,0
313325,2021-03-05 14:14:02,14385,50,0,0,0,0,0,0,0,0,0,0,0,0,1,0,0
313327,2021-03-05 14:14:12,14397,50,0,0,0,0,0,0,0,0,0,0,0,0,1,0,0
313339,2021-03-05 14:18:05,14470,50,0,0,1,0,0,0,0,0,0,0,0,0,0,0,0
313354,2021-03-05 14:28:05,14783,51,0,0,1,0,0,0,0,0,0,0,0,0,0,0,0
313357,2021-03-05 14:31:57,14868,50,0,1,0,0,1,0,0,0,0,0,0,0,0,0,0
313366,2021-03-05 14:38:07,14907,50,0,0,1,0,0,0,0,0,0,0,0,0,0,0,0
313415,2021-03-05 15:08:07,14966,49,0,0,1,0,0,0,0,0,0,0,0,0,0,0,0
313508,2021-03-05 15:52:35,14975,48,0,0,0,0,0,0,0,0,0,0,0,1,0,0,0
313549,2021-03-05 16:18:08,14982,48,0,0,1,0,0,0,0,0,0,0,0,0,0,0,0
313607,2021-03-05 16:58:08,15005,46,0,0,1,0,0,0,0,0,0,0,0,0,0,0,0
313626,2021-03-05 17:08:08,15014,45,0,0,1,0,0,0,0,0,0,0,0,0,0,0,0
313638,2021-03-05 17:14:03,15025,44,0,0,0,0,0,0,0,0,0,0,0,1,0,0,0
313662,2021-03-05 17:30:47,15052,44,0,1,0,0,1,0,0,0,0,0,0,0,0,0,0
313676,2021-03-05 17:38:07,15302,44,0,0,1,0,0,0,0,0,0,0,0,0,0,0,0
313681,2021-03-05 17:40:06,15339,44,0,0,0,0,1,0,0,0,0,0,0,0,0,0,0
313688,2021-03-05 17:46:10,15364,43,0,0,0,0,0,0,0,0,0,0,0,1,0,0,0
313702,2021-03-05 17:58:07,15371,43,0,0,1,0,0,0,0,0,0,0,0,0,0,0,0
313718,2021-03-05 18:09:03,15385,42,0,0,0,0,0,0,0,0,0,0,0,1,0,0,0
313773,2021-03-05 18:38:07,15392,42,0,0,1,0,0,0,0,0,0,0,0,0,0,0,0
313805,2021-03-05 18:58:06,15401,40,0,0,1,0,0,0,0,0,0,0,0,0,0,0,0
313806,2021-03-05 19:00:26,15410,40,0,1,0,0,1,0,0,0,0,0,0,0,0,0,0
313808,2021-03-05 19:01:09,15439,40,0,0,0,1,0,0,0,0,0,0,0,0,0,0,0
313814,2021-03-05 19:06:01,15448,40,0,0,0,1,0,0,0,0,0,0,0,0,0,0,0
313853,2021-03-05 19:47:48,15457,38,0,0,0,0,0,0,0,0,0,0,0,1,0,0,0
313856,2021-03-05 19:52:25,15468,38,0,0,0,0,0,0,0,0,0,0,0,1,0,0,0
313882,2021-03-05 20:58:07,15480,36,0,0,1,0,0,0,0,0,0,0,0,0,0,0,0
313896,2021-03-05 21:08:05,15500,35,0,0,1,0,0,0,0,0,0,0,0,0,0,0,0
313915,2021-03-05 21:38:06,15523,34,0,0,1,0,0,0,0,0,0,0,0,0,0,0,0
313916,2021-03-05 21:48:06,15530,35,0,0,1,0,0,0,0,0,0,0,0,0,0,0,0
313987,2021-03-06 08:08:06,30,79,0,0,1,0,0,0,0,0,0,0,0,0,0,0,0
313992,2021-03-06 08:18:08,38,77,0,0,1,0,0,0,0,0,0,0,0,0,0,0,0
314005,2021-03-06 08:28:07,121,78,0,0,1,0,0,0,0,0,0,0,0,0,0,0,0
314154,2021-03-06 09:28:07,144,77,0,0,1,0,0,0,0,0,0,0,0,0,0,0,0
314240,2021-03-06 09:48:07,152,75,0,0,1,0,0,0,0,0,0,0,0,0,0,0,0
314294,2021-03-06 10:10:31,159,74,0,0,1,0,0,0,0,0,0,0,0,0,0,0,0
314446,2021-03-06 11:05:32,188,72,0,0,0,0,0,0,0,0,0,0,0,1,0,0,0
314450,2021-03-06 11:08:07,202,72,0,0,1,0,0,0,0,0,0,0,0,0,0,0,0
314476,2021-03-06 11:17:42,575,72,0,0,0,0,0,0,0,0,0,0,0,0,0,0,1
314494,2021-03-06 11:28:06,640,71,0,0,1,0,0,0,0,0,0,0,0,0,0,0,0
314499,2021-03-06 11:32:45,647,71,0,0,0,1,0,0,0,0,0,0,0,0,0,0,0
314508,2021-03-06 11:38:06,766,70,0,0,1,0,0,0,0,0,0,0,0,0,0,0,0
314517,2021-03-06 11:48:03,817,71,0,0,1,0,0,0,0,0,0,0,0,0,0,0,0
314526,2021-03-06 11:58:05,869,69,0,0,1,0,0,0,0,0,0,0,0,0,0,0,0
314541,2021-03-06 12:08:06,1066,69,0,0,1,0,0,0,0,0,0,0,0,0,0,0,0
314547,2021-03-06 12:18:06,1081,69,0,0,1,0,0,0,0,0,0,0,0,0,0,0,0
314588,2021-03-06 12:48:06,1263,68,0,0,1,0,0,0,0,0,0,0,0,0,0,0,0
314602,2021-03-06 12:58:15,1587,68,0,0,1,0,0,0,0,0,0,0,0,0,0,0,0
314629,2021-03-06 13:20:27,2809,67,0,0,1,0,0,0,0,0,0,0,0,0,0,0,0
314656,2021-03-06 13:39:04,2817,66,0,0,1,0,0,0,0,0,0,0,0,0,0,0,0
314709,2021-03-06 14:20:32,2889,66,0,0,1,0,0,0,0,0,0,0,0,0,0,0,0
314715,2021-03-06 14:28:08,3612,66,0,0,1,0,0,0,0,0,0,0,0,0,0,0,0
314730,2021-03-06 14:38:03,4588,66,0,0,1,0,0,0,0,0,0,0,0,0,0,0,0
314742,2021-03-06 14:48:04,5023,65,0,0,1,0,0,0,0,0,0,0,0,0,0,0,0
314745,2021-03-06 14:51:33,5060,64,0,1,0,0,1,0,0,0,0,0,0,0,0,0,0
314756,2021-03-06 14:58:07,5149,64,0,0,1,0,0,0,0,0,0,0,0,0,0,0,0
314772,2021-03-06 15:08:06,5294,64,0,0,1,0,0,0,0,0,0,0,0,0,0,0,0
314798,2021-03-06 15:19:14,5747,64,0,0,0,0,0,0,0,0,0,0,0,0,1,0,0
314799,2021-03-06 15:19:25,5759,64,0,0,0,0,0,0,0,0,0,0,0,0,1,0,0
314800,2021-03-06 15:19:35,5772,64,0,0,0,0,0,0,0,0,0,0,0,0,1,0,0
314801,2021-03-06 15:19:44,5782,64,0,0,0,0,0,0,0,0,0,0,0,0,1,0,0
314802,2021-03-06 15:19:54,5783,64,0,0,0,0,0,0,0,0,0,0,0,0,1,0,0
314803,2021-03-06 15:20:04,5797,64,0,0,0,0,0,0,0,0,0,0,0,0,1,0,0
314804,2021-03-06 15:20:14,5816,64,0,0,0,0,0,0,0,0,0,0,0,0,1,0,0
314823,2021-03-06 15:40:26,5923,62,0,0,1,0,0,0,0,0,0,0,0,0,0,0,0
314846,2021-03-06 15:58:03,5930,63,0,0,1,0,0,0,0,0,0,0,0,0,0,0,0
314908,2021-03-06 16:38:03,5942,61,0,0,1,0,0,0,0,0,0,0,0,0,0,0,0
314926,2021-03-06 16:50:41,6091,60,0,0,0,0,1,0,0,0,0,0,0,0,0,0,0
314953,2021-03-06 17:00:26,6098,59,0,0,1,0,0,0,0,0,0,0,0,0,0,0,0
315016,2021-03-06 17:48:03,6241,59,0,0,1,0,0,0,0,0,0,0,0,0,0,0,0
315017,2021-03-06 17:48:54,6306,59,0,0,0,0,0,0,0,0,0,0,0,0,1,0,0
315019,2021-03-06 17:49:15,6335,58,0,0,0,0,0,0,0,0,0,0,0,0,1,0,0
315020,2021-03-06 17:49:25,6345,58,0,0,0,0,0,0,0,0,0,0,0,0,1,0,0
315021,2021-03-06 17:49:35,6355,59,0,0,0,0,0,0,0,0,0,0,0,0,1,0,0
315049,2021-03-06 18:20:05,6933,58,0,0,1,0,0,0,0,0,0,0,0,0,0,0,0
315071,2021-03-06 18:58:06,6940,56,0,0,1,0,0,0,0,0,0,0,0,0,0,0,0
315075,2021-03-06 19:08:06,6959,55,0,0,1,0,0,0,0,0,0,0,0,0,0,0,0
315085,2021-03-06 19:18:04,6992,56,0,0,1,0,0,0,0,0,0,0,0,0,0,0,0
315088,2021-03-06 19:21:36,7002,55,0,0,0,0,0,0,0,0,0,0,0,1,0,0,0
315124,2021-03-06 19:58:05,7032,53,0,0,1,0,0,0,0,0,0,0,0,0,0,0,0
315126,2021-03-06 20:04:51,7049,54,0,0,0,0,0,0,0,0,0,0,0,1,0,0,0
315140,2021-03-06 20:48:05,7071,52,0,0,1,0,0,0,0,0,0,0,0,0,0,0,0
315145,2021-03-06 20:58:05,7079,53,0,0,1,0,0,0,0,0,0,0,0,0,0,0,0
315150,2021-03-06 21:12:33,7098,51,0,0,0,0,0,0,0,0,0,0,0,1,0,0,0
315151,2021-03-06 21:13:24,7108,51,0,1,0,0,1,0,0,0,0,0,0,0,0,0,0
315152,2021-03-06 21:14:06,7117,50,0,0,0,0,0,1,0,0,0,0,0,0,0,0,0
315166,2021-03-06 22:18:06,7124,77,0,0,1,0,0,0,0,0,0,0,0,0,0,0,0
315219,2021-03-07 07:35:56,21,55,0,1,0,0,1,0,0,0,0,0,0,0,0,0,0
315222,2021-03-07 07:39:34,53,55,0,0,1,0,0,0,0,0,0,0,0,0,0,0,0
315232,2021-03-07 07:48:04,93,54,0,0,1,0,0,0,0,0,0,0,0,0,0,0,0
315270,2021-03-07 08:28:04,102,53,0,0,1,0,0,0,0,0,0,0,0,0,0,0,0
315272,2021-03-07 08:31:13,109,52,0,1,0,0,0,0,0,0,0,0,0,0,0,1,0
315280,2021-03-07 08:38:06,116,52,0,0,1,0,0,0,0,0,0,0,0,0,0,0,0
315306,2021-03-07 09:08:06,126,52,0,0,1,0,0,0,0,0,0,0,0,0,0,0,0
315347,2021-03-07 09:55:45,290,51,0,0,0,0,0,0,0,0,0,0,0,1,0,0,0
315364,2021-03-07 10:11:32,338,50,0,0,1,0,0,0,0,0,0,0,0,0,0,0,0
315379,2021-03-07 10:28:05,387,50,0,0,1,0,0,0,0,0,0,0,0,0,0,0,0
315392,2021-03-07 10:38:09,416,50,0,0,1,0,0,0,0,0,0,0,0,0,0,0,0
315407,2021-03-07 10:48:06,425,49,0,0,1,0,0,0,0,0,0,0,0,0,0,0,0
315424,2021-03-07 11:08:05,443,48,0,0,1,0,0,0,0,0,0,0,0,0,0,0,0
315434,2021-03-07 11:15:40,448,49,0,0,0,0,0,0,0,0,0,0,0,1,0,0,0
315487,2021-03-07 12:01:09,530,46,0,0,1,0,0,0,0,0,0,0,0,0,0,0,0
315520,2021-03-07 12:36:11,537,44,0,0,0,0,0,0,0,0,0,0,0,1,0,0,0
315525,2021-03-07 12:43:08,568,45,0,0,0,0,0,0,0,0,0,0,0,1,0,0,0
315530,2021-03-07 12:48:07,631,44,0,0,1,0,0,0,0,0,0,0,0,0,0,0,0
315538,2021-03-07 12:58:06,652,45,0,0,1,0,0,0,0,0,0,0,0,0,0,0,0
315540,2021-03-07 13:01:59,661,44,0,0,0,1,0,0,0,0,0,0,0,0,0,0,0
315551,2021-03-07 13:08:05,671,44,0,0,1,0,0,0,0,0,0,0,0,0,0,0,0
315564,2021-03-07 13:16:40,744,44,0,0,0,1,0,0,0,0,0,0,0,0,0,0,0
315582,2021-03-07 13:38:05,751,42,0,0,1,0,0,0,0,0,0,0,0,0,0,0,0
315595,2021-03-07 13:50:25,758,42,0,0,0,1,0,0,0,0,0,0,0,0,0,0,0
315607,2021-03-07 13:58:06,768,42,0,0,1,0,0,0,0,0,0,0,0,0,0,0,0
315634,2021-03-07 14:21:26,778,41,0,0,0,1,0,0,0,0,0,0,0,0,0,0,0
315638,2021-03-07 14:25:18,791,41,0,0,0,0,0,0,0,0,0,0,0,1,0,0,0
315902,2021-03-07 16:46:53,879,35,0,0,0,0,0,0,0,0,0,0,0,1,0,0,0
315911,2021-03-07 16:51:17,1093,35,0,0,0,0,0,0,0,0,0,0,0,1,0,0,0
315955,2021-03-07 17:18:07,1105,35,0,0,1,0,0,0,0,0,0,0,0,0,0,0,0
316026,2021-03-07 17:54:01,1148,34,0,0,0,0,0,0,0,0,0,0,0,1,0,0,0
316054,2021-03-07 18:26:34,1156,33,0,0,0,0,0,0,0,0,0,0,0,1,0,0,0
316057,2021-03-07 18:31:11,1197,34,0,0,1,0,0,0,0,0,0,0,0,0,0,0,0
316090,2021-03-07 18:48:06,1328,34,0,0,1,0,0,0,0,0,0,0,0,0,0,0,0
316100,2021-03-07 19:04:33,1358,33,0,1,0,0,1,0,0,0,0,0,0,0,0,0,0
316104,2021-03-07 19:08:06,1372,33,0,0,1,0,0,0,0,0,0,0,0,0,0,0,0
316118,2021-03-07 19:28:10,1413,33,0,0,1,0,0,0,0,0,0,0,0,0,0,0,0
316127,2021-03-07 19:48:09,1420,33,0,0,1,0,0,0,0,0,0,0,0,0,0,0,0
316139,2021-03-07 20:18:05,1440,33,0,0,1,0,0,0,0,0,0,0,0,0,0,0,0
316146,2021-03-07 20:53:50,1475,32,0,0,0,0,0,0,0,0,0,0,0,1,0,0,0
316159,2021-03-07 21:21:01,1492,32,0,0,0,0,0,0,0,0,0,0,0,1,0,0,0
316161,2021-03-07 21:24:29,1535,31,0,0,0,0,0,1,0,0,0,0,0,0,0,0,0
316197,2021-03-08 06:48:07,28,76,0,1,0,0,0,0,0,0,0,0,0,0,1,0,0
316201,2021-03-08 06:58:09,35,75,0,0,1,0,0,0,0,0,0,0,0,0,0,0,0
316221,2021-03-08 08:08:06,42,73,0,0,1,0,0,0,0,0,0,0,0,0,0,0,0
316225,2021-03-08 08:16:53,54,73,0,0,0,0,0,0,0,0,0,0,0,1,0,0,0
316234,2021-03-08 08:29:48,63,72,0,0,0,0,0,0,0,0,0,0,0,1,0,0,0
316248,2021-03-08 08:38:08,70,73,0,0,1,0,0,0,0,0,0,0,0,0,0,0,0
316260,2021-03-08 08:46:15,77,71,0,1,0,0,0,0,0,0,0,0,0,0,1,0,0
316328,2021-03-08 09:22:08,149,70,0,0,1,0,0,0,0,0,0,0,0,0,0,0,0
316442,2021-03-08 10:03:44,170,68,0,1,0,0,1,0,0,0,0,0,0,0,0,0,0
316459,2021-03-08 10:16:53,308,67,0,0,0,0,0,0,0,0,0,0,0,1,0,0,0
316460,2021-03-08 10:18:06,333,69,0,0,1,0,0,0,0,0,0,0,0,0,0,0,0
316461,2021-03-08 10:19:04,347,68,0,0,0,0,0,0,0,0,0,0,0,1,0,0,0
316474,2021-03-08 10:28:05,357,68,0,0,1,0,0,0,0,0,0,0,0,0,0,0,0
316554,2021-03-08 10:58:06,364,66,0,0,1,0,0,0,0,0,0,0,0,0,0,0,0
316597,2021-03-08 11:23:47,624,66,0,0,0,1,0,0,0,0,0,0,0,0,0,0,0
316608,2021-03-08 11:26:40,641,66,0,0,0,0,0,0,0,0,0,0,0,0,0,0,1
316648,2021-03-08 11:38:56,686,66,0,1,0,0,1,0,0,0,0,0,0,0,0,0,0
316682,2021-03-08 11:48:06,799,66,0,0,1,0,0,0,0,0,0,0,0,0,0,0,0
316714,2021-03-08 11:58:21,875,65,0,0,1,0,0,0,0,0,0,0,0,0,0,0,0
316742,2021-03-08 12:03:12,888,66,0,0,0,0,0,0,0,0,0,0,0,1,0,0,0
316759,2021-03-08 12:11:58,906,64,0,0,0,0,0,0,0,0,0,0,0,1,0,0,0
316771,2021-03-08 12:18:55,1335,65,0,0,1,0,0,0,0,0,0,0,0,0,0,0,0
316793,2021-03-08 12:28:10,2317,65,0,0,1,0,0,0,0,0,0,0,0,0,0,0,0
316819,2021-03-08 12:38:10,3272,63,0,0,1,0,0,0,0,0,0,0,0,0,0,0,0
316907,2021-03-08 13:09:45,5909,62,0,0,0,0,1,0,0,0,0,0,0,0,0,0,0
316928,2021-03-08 13:18:18,6766,62,0,0,1,0,0,0,0,0,0,0,0,0,0,0,0
316945,2021-03-08 13:23:10,7225,62,0,0,0,0,1,0,0,0,0,0,0,0,0,0,0
316946,2021-03-08 13:23:42,7259,62,0,0,0,0,1,0,0,0,0,0,0,0,0,0,0
316963,2021-03-08 13:28:12,7599,62,0,0,1,0,0,0,0,0,0,0,0,0,0,0,0
316966,2021-03-08 13:28:51,7671,63,0,0,0,0,0,0,0,0,0,0,0,0,1,0,0
316967,2021-03-08 13:29:40,7751,62,0,0,0,0,1,0,0,0,0,0,0,0,0,0,0
316983,2021-03-08 13:37:06,7940,61,0,0,0,0,1,0,0,0,0,0,0,0,0,0,0
316998,2021-03-08 13:43:34,7971,61,0,0,0,0,1,0,0,0,0,0,0,0,0,0,0
317037,2021-03-08 14:18:11,7978,60,0,0,1,0,0,0,0,0,0,0,0,0,0,0,0
317102,2021-03-08 14:57:17,8051,59,0,0,0,0,0,0,0,0,0,0,0,0,1,0,0
317106,2021-03-08 14:58:12,8109,60,0,0,1,0,0,0,0,0,0,0,0,0,0,0,0
317113,2021-03-08 15:03:21,8183,59,0,0,0,0,0,0,0,0,0,0,0,0,1,0,0
317139,2021-03-08 15:18:11,8399,58,0,0,1,0,0,0,0,0,0,0,0,0,0,0,0
317151,2021-03-08 15:28:08,8454,58,0,0,1,0,0,0,0,0,0,0,0,0,0,0,0
317159,2021-03-08 15:38:08,8465,57,0,0,1,0,0,0,0,0,0,0,0,0,0,0,0
317171,2021-03-08 15:53:37,8484,56,0,1,0,0,1,0,0,0,0,0,0,0,0,0,0
317172,2021-03-08 15:55:08,8541,56,0,0,0,1,0,0,0,0,0,0,0,0,0,0,0
317179,2021-03-08 16:06:45,8569,56,0,0,0,1,0,0,0,0,0,0,0,0,0,0,0
317182,2021-03-08 16:08:13,8576,57,0,0,1,0,0,0,0,0,0,0,0,0,0,0,0
317199,2021-03-08 16:27:04,8651,55,0,0,0,0,0,0,0,0,0,0,0,1,0,0,0
317203,2021-03-08 16:28:10,8658,56,0,0,1,0,0,0,0,0,0,0,0,0,0,0,0
317209,2021-03-08 16:34:18,8674,55,0,0,0,1,0,0,0,0,0,0,0,0,0,0,0
317210,2021-03-08 16:37:34,8718,55,0,0,0,0,0,0,0,0,0,0,0,1,0,0,0
317402,2021-03-08 17:38:12,8726,52,0,0,1,0,0,0,0,0,0,0,0,0,0,0,0
317520,2021-03-08 18:13:59,8733,51,0,0,0,0,0,0,0,0,0,0,0,1,0,0,0
317553,2021-03-08 18:38:11,8752,52,0,0,1,0,0,0,0,0,0,0,0,0,0,0,0
317559,2021-03-08 19:00:21,8759,50,0,0,0,0,1,0,0,0,0,0,0,0,0,0,0
317567,2021-03-08 19:08:15,8823,51,0,0,1,0,0,0,0,0,0,0,0,0,0,0,0
317586,2021-03-08 19:38:13,8863,49,0,0,1,0,0,0,0,0,0,0,0,0,0,0,0
317597,2021-03-08 20:08:12,8871,50,0,0,1,0,0,0,0,0,0,0,0,0,0,0,0
317604,2021-03-08 20:47:08,8880,48,0,0,0,0,0,0,0,0,0,0,0,1,0,0,0
317616,2021-03-08 21:08:22,8923,47,0,0,1,0,0,0,0,0,0,0,0,0,0,0,0
317624,2021-03-08 21:22:07,8952,47,0,0,0,0,0,0,0,0,0,0,0,1,0,0,0
317628,2021-03-08 21:28:15,9055,47,0,0,1,0,0,0,0,0,0,0,0,0,0,0,0
317632,2021-03-08 21:38:16,9097,67,1,0,1,0,0,0,0,0,0,0,0,0,0,0,0
317787,2021-03-09 08:48:11,42,70,0,0,1,0,0,0,0,0,0,0,0,0,0,0,0
317806,2021-03-09 08:58:12,111,69,0,0,1,0,0,0,0,0,0,0,0,0,0,0,0
317835,2021-03-09 09:08:12,147,69,0,0,1,0,0,0,0,0,0,0,0,0,0,0,0
317871,2021-03-09 09:14:11,189,69,0,0,0,0,0,0,0,0,0,0,0,0,0,0,1
317906,2021-03-09 09:18:14,199,69,0,0,1,0,0,0,0,0,0,0,0,0,0,0,0
317966,2021-03-09 09:28:14,236,69,0,0,1,0,0,0,0,0,0,0,0,0,0,0,0
318031,2021-03-09 09:42:22,257,68,0,0,0,0,0,0,0,0,0,0,0,1,0,0,0
318101,2021-03-09 10:17:06,397,66,0,0,0,0,0,0,0,0,0,0,0,1,0,0,0
318152,2021-03-09 10:28:13,413,68,0,0,1,0,0,0,0,0,0,0,0,0,0,0,0
318264,2021-03-09 10:52:11,645,66,0,0,0,0,0,0,0,0,0,0,0,1,0,0,0
318276,2021-03-09 10:58:16,811,66,0,0,1,0,0,0,0,0,0,0,0,0,0,0,0
318297,2021-03-09 11:09:26,1005,66,0,0,1,0,0,0,0,0,0,0,0,0,0,0,0
318508,2021-03-09 13:31:22,5130,62,0,0,0,0,0,0,0,0,0,0,0,0,1,0,0
318516,2021-03-09 13:35:14,5193,61,0,0,0,0,0,0,0,0,0,0,0,1,0,0,0
318531,2021-03-09 13:50:13,5274,60,0,0,0,1,0,0,0,0,0,0,0,0,0,0,0
318592,2021-03-09 14:38:09,5507,58,0,0,1,0,0,0,0,0,0,0,0,0,0,0,0
318594,2021-03-09 14:43:51,5591,57,0,0,0,0,0,0,0,0,0,0,0,1,0,0,0
318596,2021-03-09 14:48:10,5607,58,0,0,1,0,0,0,0,0,0,0,0,0,0,0,0
318598,2021-03-09 14:53:00,5677,58,0,0,0,0,1,0,0,0,0,0,0,0,0,0,0
318634,2021-03-09 15:27:38,5733,56,0,0,0,0,0,0,0,0,0,0,0,1,0,0,0
318662,2021-03-09 15:47:40,5740,54,0,0,0,0,0,0,0,0,0,0,0,1,0,0,0
318681,2021-03-09 16:04:07,5756,55,0,0,0,0,0,0,0,0,0,0,0,1,0,0,0
318714,2021-03-09 16:26:08,5763,54,0,0,0,0,0,0,0,0,0,0,0,1,0,0,0
318747,2021-03-09 17:01:25,5850,54,0,0,1,0,0,0,0,0,0,0,0,0,0,0,0
318766,2021-03-09 17:08:10,5867,52,0,0,1,0,0,0,0,0,0,0,0,0,0,0,0
318836,2021-03-09 18:08:09,5905,51,0,0,1,0,0,0,0,0,0,0,0,0,0,0,0
318864,2021-03-09 18:41:23,5928,50,0,0,1,0,0,0,0,0,0,0,0,0,0,0,0
318870,2021-03-09 18:47:03,5943,50,0,0,0,0,0,0,0,0,0,0,0,1,0,0,0
318880,2021-03-09 18:58:30,5950,49,0,0,0,1,0,0,0,0,0,0,0,0,0,0,0
318896,2021-03-09 19:10:10,5965,49,0,0,0,0,0,0,0,0,0,0,0,1,0,0,0
318905,2021-03-09 19:18:11,5974,49,0,0,1,0,0,0,0,0,0,0,0,0,0,0,0
318922,2021-03-09 19:43:14,5981,49,0,0,0,0,0,0,0,0,0,0,0,1,0,0,0
318945,2021-03-09 20:50:27,5991,46,0,0,0,1,0,0,0,0,0,0,0,0,0,0,0
318948,2021-03-09 21:01:32,6020,45,0,1,0,0,1,0,0,0,0,0,0,0,0,0,0
318953,2021-03-09 21:16:06,6324,56,1,0,0,0,0,0,0,0,0,0,0,1,0,0,0
318998,2021-03-10 05:38:56,8,61,0,0,0,1,0,0,0,0,0,0,0,0,0,0,0
318999,2021-03-10 05:40:22,15,62,0,0,1,0,0,0,0,0,0,0,0,0,0,0,0
319001,2021-03-10 06:18:10,165,59,0,0,1,0,0,0,0,0,0,0,0,0,0,0,0
319004,2021-03-10 06:28:10,172,59,0,0,1,0,0,0,0,0,0,0,0,0,0,0,0
319017,2021-03-10 06:58:11,182,60,0,0,1,0,0,0,0,0,0,0,0,0,0,0,0
319026,2021-03-10 07:18:11,273,58,0,0,1,0,0,0,0,0,0,0,0,0,0,0,0
319031,2021-03-10 07:28:10,354,57,0,0,1,0,0,0,0,0,0,0,0,0,0,0,0
319037,2021-03-10 07:48:12,401,57,0,0,1,0,0,0,0,0,0,0,0,0,0,0,0
319039,2021-03-10 07:51:11,421,56,0,0,0,0,1,0,0,0,0,0,0,0,0,0,0
319040,2021-03-10 07:55:02,436,56,0,0,0,1,0,0,0,0,0,0,0,0,0,0,0
319043,2021-03-10 07:58:11,453,56,0,0,1,0,0,0,0,0,0,0,0,0,0,0,0
319049,2021-03-10 08:18:10,462,56,0,0,1,0,0,0,0,0,0,0,0,0,0,0,0
319072,2021-03-10 08:36:38,597,55,0,0,0,0,0,0,0,0,0,0,0,1,0,0,0
319106,2021-03-10 08:58:09,755,54,0,0,1,0,0,0,0,0,0,0,0,0,0,0,0
319113,2021-03-10 09:01:32,942,55,0,0,0,0,0,0,0,0,0,0,0,1,0,0,0
319139,2021-03-10 09:08:10,966,55,0,0,1,0,0,0,0,0,0,0,0,0,0,0,0
319140,2021-03-10 09:08:57,991,54,0,0,0,0,0,0,0,0,0,0,0,1,0,0,0
319188,2021-03-10 09:18:08,1584,55,0,0,1,0,0,0,0,0,0,0,0,0,0,0,0
319250,2021-03-10 09:27:33,2708,53,0,0,0,0,1,0,0,0,0,0,0,0,0,0,0
319255,2021-03-10 09:28:08,2772,54,0,0,1,0,0,0,0,0,0,0,0,0,0,0,0
319287,2021-03-10 09:38:07,3940,54,0,0,1,0,0,0,0,0,0,0,0,0,0,0,0
319312,2021-03-10 09:42:22,4408,54,0,0,0,0,0,0,0,0,0,0,0,0,1,0,0
319338,2021-03-10 09:48:12,4933,55,0,0,1,0,0,0,0,0,0,0,0,0,0,0,0
319339,2021-03-10 09:48:20,4952,53,0,0,0,0,1,0,0,0,0,0,0,0,0,0,0
319342,2021-03-10 09:50:23,5019,53,0,0,0,0,1,0,0,0,0,0,0,0,0,0,0
319351,2021-03-10 09:57:40,5487,54,0,0,0,0,1,0,0,0,0,0,0,0,0,0,0
319354,2021-03-10 09:58:06,5515,54,0,0,1,0,0,0,0,0,0,0,0,0,0,0,0
319362,2021-03-10 10:01:05,5763,54,0,0,0,0,1,0,0,0,0,0,0,0,0,0,0
319372,2021-03-10 10:07:30,6007,53,0,0,0,0,1,0,0,0,0,0,0,0,0,0,0
319378,2021-03-10 10:15:27,6031,53,0,0,0,0,1,0,0,0,0,0,0,0,0,0,0
319403,2021-03-10 10:21:38,6110,52,0,0,1,0,0,0,0,0,0,0,0,0,0,0,0
319514,2021-03-10 11:03:05,6852,50,0,0,1,0,0,0,0,0,0,0,0,0,0,0,0
319563,2021-03-10 11:26:09,6921,50,0,0,0,0,1,0,0,0,0,0,0,0,0,0,0
319629,2021-03-10 11:51:05,7068,49,0,0,1,0,0,0,0,0,0,0,0,0,0,0,0
319649,2021-03-10 12:08:07,7084,49,0,0,1,0,0,0,0,0,0,0,0,0,0,0,0
319669,2021-03-10 12:18:07,7154,48,0,0,1,0,0,0,0,0,0,0,0,0,0,0,0
319677,2021-03-10 12:28:06,7211,47,0,0,1,0,0,0,0,0,0,0,0,0,0,0,0
319724,2021-03-10 12:51:05,7354,46,0,0,1,0,0,0,0,0,0,0,0,0,0,0,0
319746,2021-03-10 13:01:09,7376,48,0,0,1,0,0,0,0,0,0,0,0,0,0,0,0
319796,2021-03-10 13:41:04,7585,45,0,0,1,0,0,0,0,0,0,0,0,0,0,0,0
319812,2021-03-10 13:51:11,7739,44,0,0,1,0,0,0,0,0,0,0,0,0,0,0,0
319826,2021-03-10 13:58:08,7815,45,0,0,1,0,0,0,0,0,0,0,0,0,0,0,0
319844,2021-03-10 14:08:07,7845,44,0,0,1,0,0,0,0,0,0,0,0,0,0,0,0
319863,2021-03-10 14:18:06,7996,44,0,0,1,0,0,0,0,0,0,0,0,0,0,0,0
319886,2021-03-10 14:28:08,8762,44,0,0,1,0,0,0,0,0,0,0,0,0,0,0,0
319890,2021-03-10 14:30:47,9034,44,0,0,0,0,0,0,0,0,0,0,0,0,1,0,0
319910,2021-03-10 14:44:28,10073,43,0,0,0,0,0,0,0,0,0,0,0,0,1,0,0
319911,2021-03-10 14:44:47,10087,43,0,0,0,0,0,0,0,0,0,0,0,0,1,0,0
319912,2021-03-10 14:44:57,10105,43,0,0,0,0,0,0,0,0,0,0,0,0,1,0,0
319913,2021-03-10 14:45:07,10117,44,0,0,0,0,0,0,0,0,0,0,0,0,1,0,0
319918,2021-03-10 14:45:56,10148,43,0,0,0,0,0,0,0,0,0,0,0,0,1,0,0
319927,2021-03-10 14:49:44,10190,43,0,0,1,0,0,0,0,0,0,0,0,0,0,0,0
319929,2021-03-10 14:52:32,10272,43,0,0,0,0,0,0,0,0,0,0,0,0,1,0,0
319930,2021-03-10 14:52:42,10289,42,0,0,0,0,0,0,0,0,0,0,0,0,1,0,0
319931,2021-03-10 14:52:52,10299,43,0,0,0,0,0,0,0,0,0,0,0,0,1,0,0
319938,2021-03-10 14:55:40,10421,42,0,0,0,0,0,0,0,0,0,0,0,0,1,0,0
319940,2021-03-10 14:55:50,10445,42,0,0,0,0,0,0,0,0,0,0,0,0,1,0,0
319941,2021-03-10 14:56:01,10468,42,0,0,0,0,0,0,0,0,0,0,0,0,1,0,0
319942,2021-03-10 14:56:13,10485,42,0,0,0,0,0,0,0,0,0,0,0,0,1,0,0
319943,2021-03-10 14:56:22,10502,43,0,0,0,0,0,0,0,0,0,0,0,0,1,0,0
319965,2021-03-10 15:08:08,11409,43,0,0,1,0,0,0,0,0,0,0,0,0,0,0,0
319978,2021-03-10 15:19:17,12380,42,0,0,1,0,0,0,0,0,0,0,0,0,0,0,0
319990,2021-03-10 15:30:27,12671,41,0,0,1,0,0,0,0,0,0,0,0,0,0,0,0
319993,2021-03-10 15:31:56,12691,41,0,0,0,0,0,0,0,0,0,0,0,0,1,0,0
320005,2021-03-10 15:40:45,12704,40,0,0,0,0,0,0,0,0,0,0,0,0,1,0,0
320006,2021-03-10 15:44:02,12722,40,0,0,0,0,0,0,0,0,0,0,0,0,1,0,0
320007,2021-03-10 15:44:12,12731,41,0,0,0,0,0,0,0,0,0,0,0,0,1,0,0
320020,2021-03-10 15:49:33,13038,39,0,0,0,0,0,0,0,0,0,0,0,1,0,0,0
320024,2021-03-10 15:51:52,13056,40,0,0,0,0,1,0,0,0,0,0,0,0,0,0,0
320050,2021-03-10 16:08:12,13063,38,0,0,1,0,0,0,0,0,0,0,0,0,0,0,0
320078,2021-03-10 16:18:11,13089,39,0,0,1,0,0,0,0,0,0,0,0,0,0,0,0
320088,2021-03-10 16:28:07,13103,38,0,0,1,0,0,0,0,0,0,0,0,0,0,0,0
320099,2021-03-10 16:37:16,13175,38,0,0,0,0,0,0,0,0,0,0,0,1,0,0,0
320113,2021-03-10 16:43:07,13250,37,0,0,1,0,0,0,0,0,0,0,0,0,0,0,0
320193,2021-03-10 17:28:18,13260,36,0,0,0,0,0,0,0,0,0,0,0,1,0,0,0
320197,2021-03-10 17:36:02,13267,35,0,0,0,0,0,0,0,0,0,0,0,1,0,0,0
320249,2021-03-10 18:08:10,13277,36,0,0,1,0,0,0,0,0,0,0,0,0,0,0,0
320257,2021-03-10 18:14:32,13292,35,0,0,0,0,0,0,0,0,0,0,0,1,0,0,0
320313,2021-03-10 18:51:20,13299,34,0,0,0,1,0,0,0,0,0,0,0,0,0,0,0
320316,2021-03-10 18:55:51,13315,35,0,0,0,0,0,0,0,0,0,0,0,1,0,0,0
320334,2021-03-10 19:18:09,13353,34,0,0,1,0,0,0,0,0,0,0,0,0,0,0,0
320335,2021-03-10 19:21:08,13398,34,0,0,0,0,0,0,0,0,0,0,0,1,0,0,0
320339,2021-03-10 19:28:11,13405,34,0,0,1,0,0,0,0,0,0,0,0,0,0,0,0
320356,2021-03-10 19:58:10,13414,33,0,0,1,0,0,0,0,0,0,0,0,0,0,0,0
320358,2021-03-10 20:01:20,13424,33,0,0,0,0,0,0,0,0,0,0,0,1,0,0,0
320363,2021-03-10 20:08:09,13458,33,0,0,1,0,0,0,0,0,0,0,0,0,0,0,0
320367,2021-03-10 20:18:11,13523,33,0,0,1,0,0,0,0,0,0,0,0,0,0,0,0
320372,2021-03-10 20:28:08,13551,33,0,0,1,0,0,0,0,0,0,0,0,0,0,0,0
320382,2021-03-10 20:48:10,13584,33,0,0,1,0,0,0,0,0,0,0,0,0,0,0,0
320390,2021-03-10 21:08:10,13679,33,0,0,1,0,0,0,0,0,0,0,0,0,0,0,0
320392,2021-03-10 21:11:56,13720,32,0,0,0,0,1,0,0,0,0,0,0,0,0,0,0
320462,2021-03-11 07:33:54,30,71,0,0,0,1,0,0,0,0,0,0,0,0,0,0,0
320471,2021-03-11 07:45:12,39,72,0,0,0,1,0,0,0,0,0,0,0,0,0,0,0
320492,2021-03-11 08:18:11,197,70,0,0,1,0,0,0,0,0,0,0,0,0,0,0,0
320528,2021-03-11 08:45:13,205,68,0,0,0,0,0,0,0,0,0,0,0,1,0,0,0
320533,2021-03-11 08:48:12,220,69,0,0,1,0,0,0,0,0,0,0,0,0,0,0,0
320548,2021-03-11 08:58:09,260,69,0,0,1,0,0,0,0,0,0,0,0,0,0,0,0
320580,2021-03-11 09:08:09,267,68,0,0,1,0,0,0,0,0,0,0,0,0,0,0,0
320642,2021-03-11 09:18:09,372,68,0,0,1,0,0,0,0,0,0,0,0,0,0,0,0
320688,2021-03-11 09:26:47,444,68,0,0,0,0,0,0,0,0,0,0,0,1,0,0,0
320779,2021-03-11 09:48:15,497,66,0,0,1,0,0,0,0,0,0,0,0,0,0,0,0
320794,2021-03-11 09:58:10,504,66,0,0,1,0,0,0,0,0,0,0,0,0,0,0,0
320806,2021-03-11 10:08:10,539,66,0,0,1,0,0,0,0,0,0,0,0,0,0,0,0
320820,2021-03-11 10:18:10,563,66,0,0,1,0,0,0,0,0,0,0,0,0,0,0,0
320844,2021-03-11 10:28:10,749,66,0,0,1,0,0,0,0,0,0,0,0,0,0,0,0
320929,2021-03-11 10:47:33,809,65,0,1,0,0,1,0,0,0,0,0,0,0,0,0,0
320947,2021-03-11 10:49:12,816,64,0,0,0,0,0,0,0,0,0,0,0,1,0,0,0
321003,2021-03-11 11:11:45,833,66,0,0,1,0,0,0,0,0,0,0,0,0,0,0,0
321036,2021-03-11 11:28:11,893,64,0,0,1,0,0,0,0,0,0,0,0,0,0,0,0
321052,2021-03-11 11:37:25,900,63,0,0,0,0,0,0,0,0,0,0,0,1,0,0,0
321065,2021-03-11 11:39:22,911,64,0,0,0,1,0,0,0,0,0,0,0,0,0,0,0
321086,2021-03-11 11:48:09,919,63,0,0,1,0,0,0,0,0,0,0,0,0,0,0,0
321113,2021-03-11 12:01:39,928,62,0,0,0,0,0,0,0,0,0,0,0,1,0,0,0
321129,2021-03-11 12:18:07,936,63,0,0,1,0,0,0,0,0,0,0,0,0,0,0,0
321145,2021-03-11 12:38:09,990,62,0,0,1,0,0,0,0,0,0,0,0,0,0,0,0
321168,2021-03-11 12:48:08,1010,62,0,0,1,0,0,0,0,0,0,0,0,0,0,0,0
321188,2021-03-11 12:58:10,1072,61,0,0,1,0,0,0,0,0,0,0,0,0,0,0,0
321202,2021-03-11 13:08:11,1080,61,0,0,1,0,0,0,0,0,0,0,0,0,0,0,0
321210,2021-03-11 13:16:05,1087,60,0,0,0,0,1,0,0,0,0,0,0,0,0,0,0
321213,2021-03-11 13:17:01,1117,60,0,0,0,0,1,0,0,0,0,0,0,0,0,0,0
321220,2021-03-11 13:18:10,1127,60,0,0,1,0,0,0,0,0,0,0,0,0,0,0,0
321228,2021-03-11 13:21:26,1158,60,0,0,0,0,1,0,0,0,0,0,0,0,0,0,0
321243,2021-03-11 13:28:12,1211,59,0,0,1,0,0,0,0,0,0,0,0,0,0,0,0
321270,2021-03-11 13:38:09,1234,60,0,0,1,0,0,0,0,0,0,0,0,0,0,0,0
321295,2021-03-11 13:48:13,1244,58,0,1,0,0,1,0,0,0,0,0,0,0,0,0,0
321316,2021-03-11 13:58:11,1254,58,0,0,1,0,0,0,0,0,0,0,0,0,0,0,0
321347,2021-03-11 14:15:34,1261,58,0,0,0,0,0,0,0,0,0,0,0,1,0,0,0
321404,2021-03-11 14:48:10,1288,58,0,0,1,0,0,0,0,0,0,0,0,0,0,0,0
321430,2021-03-11 14:58:10,1296,56,0,0,1,0,0,0,0,0,0,0,0,0,0,0,0
321543,2021-03-11 15:38:12,1306,56,0,0,1,0,0,0,0,0,0,0,0,0,0,0,0
321567,2021-03-11 15:48:58,1314,54,0,0,0,0,0,0,0,0,0,0,0,1,0,0,0
